500 500
354 262
9 219
234 312
338 59
286 115
305 393
347 207
286 466
399 329
222 456
87 91
259 37
275 323
389 404
395 279
267 99
256 450
219 357
159 205
184 277
309 201
189 31
376 149
115 355
445 343
346 470
160 482
116 89
230 347
50 278
279 7
42 288
433 74
70 456
174 162
177 477
181 395
495 79
342 353
477 465
205 109
441 391
254 431
386 468
454 239
69 150
499 7
184 197
386 417
392 95
16 284
339 284
205 219
260 53
491 137
219 491
388 203
406 288
437 207
316 35
244 299
361 190
138 213
495 123
435 24
496 487
141 337
55 278
1 397
284 163
2 303
470 499
102 402
168 391
43 79
76 118
211 350
64 196
485 5
60 21
298 308
122 245
120 108
402 377
368 32
422 488
184 452
205 246
373 146
357 324
379 85
55 341
68 291
254 391
47 222
276 319
332 188
424 427
11 358
280 232
55 167
156 487
203 450
114 308
13 414
392 433
83 263
187 416
133 462
402 396
447 133
474 442
61 88
456 463
297 443
27 263
395 387
72 44
23 388
451 325
321 118
239 368
411 276
48 203
223 22
105 325
347 123
114 40
334 188
294 436
17 471
238 274
306 476
402 399
123 430
33 343
44 114
449 70
138 456
146 490
172 309
310 32
9 236
317 207
483 39
194 257
277 179
481 20
16 156
467 201
167 131
209 466
149 353
441 389
202 128
311 230
465 121
418 343
105 455
85 283
148 52
440 399
211 404
319 431
118 344
193 491
428 228
188 64
473 428
391 385
9 357
327 364
402 194
107 284
170 228
490 279
3 358
345 433
372 225
396 151
387 263
456 403
38 353
451 40
225 156
116 79
310 71
294 229
101 245
199 463
372 448
313 23
290 1
245 379
165 23
364 104
78 429
206 199
76 54
84 263
389 39
16 413
397 433
446 303
357 292
186 44
6 54
254 34
41 76
135 470
367 167
491 433
363 353
133 389
84 292
141 282
99 46
330 333
344 116
222 195
126 270
287 159
190 381
425 337
122 56
266 277
248 21
344 380
94 107
430 264
343 260
225 18
382 491
383 34
109 234
171 439
167 293
328 82
84 67
214 369
173 341
420 1
498 217
346 174
148 98
47 57
374 355
178 7
89 359
357 8
110 413
311 287
443 43
321 176
448 200
63 396
60 272
294 328
425 390
142 332
484 365
160 354
76 486
213 4
240 367
369 131
123 38
252 343
88 453
340 14
410 331
470 12
92 458
402 140
447 426
159 214
118 177
245 202
425 238
55 122
459 97
189 298
464 113
193 354
68 142
416 191
334 324
330 123
499 453
220 491
140 194
152 155
43 208
327 239
25 67
499 425
213 263
242 47
245 457
240 65
494 120
343 405
53 5
31 301
216 388
218 487
32 261
111 128
375 472
374 232
452 8
105 39
128 260
209 162
198 313
294 24
17 287
448 444
189 284
333 113
418 412
178 91
453 275
300 162
120 32
390 109
164 340
363 92
142 214
388 183
314 101
458 166
470 295
158 335
67 81
169 175
187 133
90 18
185 475
351 110
96 427
267 42
228 487
394 443
99 411
43 344
385 48
377 385
412 487
340 260
229 241
186 438
420 338
377 115
477 55
91 137
230 303
150 114
123 451
342 462
486 202
362 407
67 459
207 151
224 441
474 308
487 63
468 487
85 247
403 242
201 372
95 297
204 393
372 148
427 68
446 196
21 132
124 17
45 105
213 58
430 62
140 166
312 407
66 479
245 84
88 485
380 119
260 412
440 105
38 132
465 351
186 346
39 264
293 114
368 409
307 432
131 441
433 296
134 218
468 195
189 199
487 473
277 197
374 479
344 115
295 210
471 234
367 205
241 286
233 244
47 483
298 372
466 113
179 84
416 243
257 149
40 180
429 125
122 70
460 221
253 138
72 84
126 261
330 51
317 38
356 5
347 79
275 157
328 278
394 149
108 469
499 118
346 500
198 308
441 218
13 497
280 65
367 6
246 334
198 66
485 462
444 379
121 193
159 415
468 252
134 18
187 153
487 111
114 205
153 231
197 87
148 306
367 72
472 398
269 376
119 379
96 95
335 175
328 345
487 256
168 410
183 213
2 113
454 39
460 93
455 132
263 80
431 294
412 300
260 420
397 1
178 184
228 163
364 307
499 480
71 213
340 73
104 361
345 190
126 344
420 243
470 330
132 371
126 330
368 343
25 328
146 114
287 440
339 128
51 496
302 398
204 5
130 335
302 113
196 94
31 218
397 325
365 56
232 209
309 301
