1000 1500
455 962
690 158
91 363
859 275
537 223
989 616
223 293
625 128
783 812
779 800
814 215
44 672
924 383
919 935
343 600
102 378
432 686
430 870
978 880
968 384
772 159
692 372
244 909
483 312
314 209
894 451
853 670
891 20
901 867
420 213
324 66
360 751
743 501
811 789
503 376
519 274
967 106
269 587
745 816
741 303
789 504
198 695
607 191
898 364
147 194
964 33
610 856
989 752
804 263
444 687
203 899
522 571
893 45
190 90
654 969
539 216
509 86
946 630
330 603
544 469
761 48
302 978
709 499
538 494
77 986
915 384
670 37
635 211
714 964
892 70
73 971
259 560
706 154
205 37
617 167
179 722
403 473
643 218
649 463
55 877
105 940
569 274
279 114
525 698
218 956
905 82
401 495
432 221
259 571
62 576
114 135
158 888
714 489
400 195
141 618
674 603
212 141
788 847
544 610
185 751
772 768
458 999
430 257
995 290
100 519
604 434
970 671
420 553
456 873
205 459
603 564
287 937
715 87
446 111
172 780
368 982
602 346
383 335
457 232
220 532
20 314
66 437
964 931
885 437
136 677
615 449
887 455
951 655
678 20
638 482
93 241
367 235
288 809
752 310
660 966
484 791
721 418
775 424
733 855
116 796
460 688
202 230
205 620
834 978
791 248
602 519
31 625
334 582
635 242
734 597
201 928
711 422
639 916
342 192
978 855
675 54
972 599
254 128
527 965
755 968
564 780
131 945
873 596
577 252
643 580
376 866
570 189
709 970
448 91
511 33
431 101
273 695
913 92
745 171
787 59
818 548
443 557
717 204
493 178
181 592
141 330
616 972
212 243
357 432
643 586
339 375
623 154
918 255
288 366
246 338
72 466
946 465
951 84
125 72
601 395
108 906
140 385
879 604
472 666
639 962
465 66
735 748
224 735
328 878
565 982
251 828
714 700
132 502
954 122
648 778
388 518
556 860
853 407
801 184
820 462
169 908
720 876
151 15
623 841
423 46
867 734
943 792
349 683
809 11
945 154
271 81
635 925
230 882
597 219
24 528
962 401
763 514
812 273
33 555
804 150
492 105
954 911
369 108
908 486
914 116
355 425
942 509
586 811
278 477
791 870
99 698
901 128
268 472
50 283
944 746
646 895
582 677
334 69
440 913
927 141
465 894
452 704
302 373
729 364
688 344
216 446
451 138
873 768
60 199
139 846
744 134
366 62
91 853
342 241
812 883
604 350
499 489
976 10
651 289
699 552
863 92
698 294
570 778
161 291
765 904
1 787
286 220
260 224
96 871
522 297
157 388
581 415
657 395
386 567
626 1
562 588
342 261
563 627
233 279
999 397
746 588
67 824
802 590
723 802
593 476
745 109
19 261
819 93
180 707
72 96
913 997
166 798
126 884
889 173
116 533
891 832
68 904
26 688
833 648
647 435
406 23
184 914
423 915
989 929
728 584
720 102
332 151
508 147
95 494
330 334
27 100
202 985
677 387
514 151
932 173
201 321
465 931
789 803
378 788
657 339
376 947
345 583
743 386
137 487
229 381
448 766
660 745
990 635
335 334
107 628
359 760
293 506
356 599
913 347
501 208
929 572
240 827
900 170
234 409
931 163
971 535
707 669
866 332
674 128
228 465
114 191
636 61
696 203
803 639
467 405
542 243
851 516
558 979
514 969
863 920
65 353
424 697
262 977
720 511
124 797
700 442
875 578
973 315
588 540
829 797
92 263
401 784
666 588
841 956
541 911
583 202
155 513
778 659
661 588
544 757
947 468
381 121
270 768
137 18
677 257
462 491
852 771
395 1000
285 64
364 448
459 566
637 776
114 299
400 315
490 581
225 775
756 498
74 246
66 322
868 488
879 192
663 790
610 729
858 503
497 406
306 509
777 915
521 715
223 464
582 995
464 496
644 535
905 810
243 435
387 751
764 744
957 803
549 491
543 80
601 807
689 398
893 523
172 947
135 865
548 207
367 405
766 547
830 231
717 891
788 125
27 40
739 600
292 151
828 897
783 556
929 199
539 585
629 764
539 693
23 813
756 595
954 5
48 314
820 984
577 960
6 128
144 724
987 171
687 4
965 150
894 80
771 929
706 732
180 805
685 759
758 861
62 611
355 443
69 122
239 525
400 380
785 587
52 385
846 691
941 547
493 464
127 606
900 896
797 398
40 446
291 436
297 834
260 752
136 873
889 325
623 200
548 301
877 46
967 453
19 117
18 531
916 174
653 492
548 958
453 100
660 844
32 612
691 346
700 792
95 961
124 229
514 771
298 987
413 626
240 743
335 139
147 452
89 862
191 8
129 884
371 270
978 792
647 116
276 374
756 30
890 615
587 480
537 798
970 235
566 792
177 628
716 125
844 355
958 904
438 509
233 282
716 429
24 619
177 603
755 137
393 12
282 216
750 84
56 291
195 867
611 563
763 388
134 994
414 506
10 530
346 849
58 448
342 392
838 657
386 15
716 327
66 475
150 888
538 714
614 384
131 247
749 979
632 432
216 420
930 844
915 387
524 944
994 215
720 722
665 860
387 239
955 138
490 121
110 35
339 158
592 985
507 663
78 308
962 772
909 866
353 242
951 887
606 219
77 613
620 851
377 751
17 617
737 444
447 646
449 814
859 353
283 17
809 561
604 368
263 911
277 990
478 386
262 22
820 636
435 699
671 717
909 562
351 927
726 385
541 606
306 270
433 739
774 20
241 576
903 468
189 779
298 209
511 129
589 19
921 762
42 677
332 311
526 891
953 694
954 292
189 338
751 899
495 381
161 712
627 707
158 829
104 110
337 906
813 809
144 227
245 543
287 945
518 940
153 231
962 173
623 714
490 983
618 500
757 974
965 809
779 88
919 314
136 648
244 305
850 265
539 129
402 920
489 189
426 947
10 87
432 775
692 332
604 27
629 162
107 769
414 309
920 969
797 13
116 220
183 195
653 867
685 547
910 144
253 694
601 203
12 645
857 192
68 252
172 436
108 440
976 100
233 116
338 736
604 14
823 155
159 706
487 416
88 171
887 740
624 2
883 434
996 968
845 411
411 746
190 709
750 408
349 536
148 208
362 270
549 309
902 433
46 157
670 342
685 822
540 754
83 673
704 416
557 184
664 831
703 889
1 505
807 617
526 125
213 397
911 797
66 709
933 685
707 632
665 630
880 955
843 351
766 419
686 314
293 930
142 956
134 742
220 8
509 243
3 373
935 232
810 464
118 121
858 174
562 705
760 827
965 804
799 219
999 152
946 147
619 689
435 830
391 358
367 752
62 894
839 678
606 219
394 603
404 691
214 74
573 309
160 641
736 312
18 681
363 234
881 642
421 313
845 706
503 34
90 415
800 814
31 821
918 795
174 441
751 169
369 139
492 37
478 44
718 427
398 243
784 558
81 446
115 919
729 400
313 780
283 858
650 281
324 434
663 593
687 594
748 578
386 707
874 529
961 871
159 152
976 493
634 328
950 480
545 857
752 734
306 183
648 726
713 385
391 250
575 799
820 949
207 445
114 417
541 149
639 371
425 716
18 641
926 387
121 126
877 934
136 653
884 385
250 123
497 508
781 206
426 181
729 807
673 656
116 208
212 954
287 921
331 582
6 908
309 503
892 189
113 419
587 190
183 401
31 945
720 662
543 535
303 988
78 550
247 836
501 168
51 90
973 104
588 614
842 205
1000 855
392 990
479 671
73 19
585 498
483 41
80 884
788 30
372 324
100 276
452 135
103 846
38 348
829 451
570 450
75 657
729 448
674 144
913 512
451 228
572 44
539 575
372 459
347 90
211 413
369 739
676 588
165 773
945 825
154 507
510 199
614 98
910 305
365 182
237 848
634 953
94 593
327 138
677 11
445 87
495 697
383 352
455 642
718 580
369 383
49 242
359 123
889 577
454 718
608 650
77 989
491 953
637 84
333 522
757 788
561 322
970 345
122 752
995 313
24 374
129 176
136 325
63 543
77 86
730 301
782 222
861 619
566 562
773 872
481 15
662 3
343 82
222 521
484 63
30 668
782 709
12 740
72 584
208 633
759 311
858 304
841 925
680 775
907 314
820 779
788 550
108 560
832 996
109 71
674 698
746 762
583 129
858 363
571 12
180 708
505 638
957 17
977 953
435 248
425 802
423 546
326 720
304 711
8 714
315 294
591 209
944 789
394 241
300 848
317 855
21 704
199 611
197 622
528 662
348 291
456 282
157 4
287 516
923 151
716 241
14 528
258 552
772 438
695 337
715 858
885 684
814 115
473 609
330 914
54 722
386 886
457 159
308 506
656 264
73 749
405 414
962 66
410 772
938 736
199 580
852 696
939 687
618 859
11 272
289 689
478 459
240 268
368 97
915 604
53 940
150 109
755 172
232 781
76 18
417 186
127 475
621 585
772 730
40 435
907 758
930 102
528 964
220 653
341 897
407 753
469 445
498 431
68 98
754 140
538 553
697 289
571 962
47 594
499 583
593 91
539 434
803 714
560 251
808 344
551 77
24 488
304 543
98 727
154 58
539 53
503 929
388 731
97 941
98 767
390 780
847 513
846 137
302 857
727 35
277 912
892 616
982 311
293 938
206 524
910 992
944 493
289 762
604 285
637 813
575 566
358 19
670 24
623 746
583 563
984 240
637 391
818 185
382 536
295 79
978 622
765 598
835 849
828 814
372 687
906 514
597 677
435 849
648 625
20 306
762 859
113 828
741 207
476 750
8 749
996 929
459 627
251 133
569 789
274 591
538 363
45 686
869 191
697 514
892 810
971 264
960 701
269 808
468 712
732 951
120 487
722 343
781 494
130 687
613 74
322 823
792 849
225 620
169 778
869 809
929 63
328 110
379 667
349 518
786 919
188 712
439 510
17 243
785 759
622 304
352 669
784 348
565 62
787 266
320 191
449 651
643 33
85 736
365 273
35 835
312 180
990 50
608 936
20 979
414 175
723 155
792 477
963 797
26 565
566 776
612 422
882 815
416 415
513 286
805 413
722 444
787 763
824 542
593 462
347 797
839 445
455 348
490 516
138 795
748 521
719 348
321 756
812 189
889 417
360 302
294 797
964 409
362 512
378 905
654 538
862 196
663 962
497 52
660 16
326 238
850 220
608 482
502 68
358 101
878 93
979 325
161 29
591 353
529 442
32 48
917 811
381 818
383 435
302 620
700 477
496 464
49 548
528 398
32 65
984 75
493 446
510 232
949 699
308 117
189 262
891 131
93 427
231 180
733 999
47 467
596 468
736 413
713 676
378 198
374 906
877 913
837 157
716 991
832 711
579 653
176 510
850 357
102 55
926 204
88 647
226 656
634 726
918 859
877 722
757 823
793 477
290 13
101 800
415 662
227 21
881 960
20 142
280 909
578 451
832 168
527 656
103 978
337 368
129 640
223 20
636 722
565 936
613 661
422 124
268 465
264 693
379 12
772 701
364 355
586 8
285 772
400 402
446 246
608 512
516 623
318 183
309 370
569 153
821 721
893 9
417 951
191 227
551 428
514 770
789 269
218 155
803 89
501 1
238 321
990 185
387 197
746 353
313 426
781 315
757 524
506 854
422 438
464 934
124 101
190 737
322 533
828 248
586 443
359 90
504 211
91 514
402 226
68 712
750 964
394 615
408 797
571 593
365 628
304 885
979 476
274 233
238 748
902 647
38 914
632 917
569 142
581 14
378 536
442 325
57 233
875 176
563 112
327 636
128 918
801 685
988 393
519 832
846 188
361 497
923 508
295 333
37 578
770 745
884 562
2 377
227 460
423 983
777 420
738 579
329 515
526 589
777 219
926 521
959 818
733 12
919 376
137 722
711 285
391 996
504 47
259 746
543 789
248 649
547 427
859 288
169 838
403 102
677 354
583 881
300 982
277 910
499 655
122 445
782 925
523 474
232 224
971 7
840 808
826 919
524 344
328 27
630 148
1 921
153 420
436 129
969 398
643 453
730 907
536 231
557 769
127 480
5 533
300 832
47 393
510 563
41 473
717 281
351 24
176 532
491 465
714 205
773 425
244 273
358 724
623 732
561 232
263 11
816 768
200 377
92 456
784 632
754 827
519 176
325 339
71 584
676 530
701 641
338 328
908 673
944 441
276 111
154 43
379 458
118 948
755 920
50 986
788 93
713 384
449 862
562 265
940 915
101 601
893 827
611 446
772 232
384 67
371 647
115 59
144 966
364 683
43 161
595 772
970 533
986 272
370 679
351 755
273 307
832 983
533 481
790 571
850 723
959 753
453 934
369 387
29 190
116 916
9 530
235 751
331 555
504 533
200 653
459 956
575 83
81 810
387 588
3 147
584 377
162 339
227 774
885 53
707 930
464 917
95 711
486 872
662 479
496 38
545 566
994 28
181 694
377 712
291 392
153 694
416 475
464 838
452 20
585 914
226 12
997 157
549 780
774 701
279 304
180 191
985 320
525 982
72 426
739 803
132 432
470 395
966 340
306 841
610 464
259 494
599 338
473 5
779 762
88 627
556 123
327 660
706 136
466 846
151 568
611 539
16 721
333 775
953 132
414 135
133 821
726 276
639 169
143 332
225 8
866 154
361 640
423 563
374 218
729 756
543 940
393 825
651 143
950 824
219 626
423 481
391 343
187 509
493 288
778 20
198 166
602 888
113 143
121 199
331 133
12 91
81 829
970 273
18 983
505 350
523 739
725 630
968 238
624 575
235 631
647 461
103 339
140 674
680 430
768 869
780 198
944 915
645 34
937 585
743 186
647 254
566 467
325 257
237 687
37 70
652 471
859 230
828 541
317 898
16 13
318 499
603 972
