9000 4187
4023
763
7388
4789
2263
1861
6667
744
4231
5102
7967
5854
6238
7437
903
5120
5993
2245
3318
7644
7950
2986
2314
4311
5603
1613
692
5015
3428
6493
3714
7468
5979
3834
5052
1385
1804
3643
7679
7549
7472
7747
7089
5487
6044
1349
4761
6555
2971
8419
2406
4792
4605
1927
7171
832
2529
4511
5932
1127
5994
4047
702
2659
7792
5864
2215
7847
3300
8936
5674
375
7192
7732
3570
75
8112
290
856
3645
3681
6634
2675
9
3934
6936
5473
3719
3003
7793
2033
5790
7819
4883
5890
4194
7582
2422
4811
4365
7064
4291
4185
7982
1109
5691
7688
5900
960
651
2040
6399
4865
3751
7988
5291
7844
3568
3032
2435
6081
5642
1521
4613
7789
4193
315
2517
2355
3749
5501
1115
8631
7344
8138
5433
7435
4631
1216
7264
6270
6554
3211
6366
3709
3789
4673
3973
1558
329
6115
3458
1986
817
5213
333
3912
2581
2661
2610
6989
7066
7419
6523
3369
1076
489
6986
952
133
7723
616
948
8153
5911
6033
3269
4835
20
5752
871
2394
6995
3442
5270
6857
5121
4213
1561
3462
8618
3451
6865
5546
8785
1076
319
2847
4603
7732
6867
5915
6578
5133
8980
1226
6467
2929
5204
3725
3167
7572
2264
2048
1909
1452
5897
1858
4121
7377
29
3919
5644
5464
7869
3486
983
951
7570
6477
8177
4874
2692
302
4652
1045
5232
4996
896
3144
3132
1159
6307
5163
8247
3051
746
4089
724
1576
8272
8923
4869
6556
3436
8838
3249
2190
3021
5305
3756
5565
1821
2869
6243
119
5250
5246
7675
7530
5486
2682
4820
2910
55
2176
1010
2216
840
6161
8447
1028
2439
1307
4112
141
7771
2758
8877
8932
7262
6484
6154
1401
4138
7581
1122
2706
5236
3968
801
4427
895
8019
906
2402
7998
5078
4038
86
4278
8289
4966
1318
150
8187
6755
4028
2524
2009
223
6314
51
2129
2168
6344
3692
4054
4388
8519
3062
3998
1187
6028
4868
5735
3185
4890
4377
319
6982
7660
1905
5174
5341
1844
2833
4404
6740
5289
5926
4232
4964
4862
8579
6363
8499
316
2584
4571
7746
952
7437
6093
3447
5539
3749
4577
7340
7596
5299
6801
7038
2789
6784
4997
6998
5801
5137
554
960
951
8698
8965
6186
388
2681
6799
1671
1202
466
5143
1018
3665
7466
2097
636
4107
2817
4788
8219
5357
7588
6295
2391
3673
4673
6432
1637
2308
1979
69
4749
8863
7202
4540
3161
5998
4548
4457
1483
1366
5980
8963
6943
4265
5413
3039
6452
8565
6379
7140
5204
8100
3453
5038
4826
8869
5951
141
4504
4180
4282
2685
4022
3190
900
8923
6733
6762
2281
675
2325
8091
8439
4049
8131
3115
7685
6389
2440
2707
42
7627
7041
4223
8764
2445
7205
4705
3623
5219
918
6780
6807
2343
6481
2732
3657
7036
1096
4839
6985
2229
8115
6907
6924
5862
2649
4373
5784
6965
8902
960
6079
7587
6239
3585
893
4561
4806
6970
7730
565
4290
7248
2242
1715
5520
1929
6875
2687
4357
6935
4529
3152
6140
3949
1721
7435
6990
6697
904
6705
4041
5583
6003
1155
4854
7165
2589
73
4934
7692
4851
8250
2873
5926
8795
3623
4091
3503
6645
4282
432
1694
5926
1590
2002
3224
6770
597
2447
8194
7782
4772
7137
4146
1885
8919
1659
6685
7549
156
7285
8695
6140
1880
855
3251
747
1237
7924
8569
5206
3446
6902
2487
5622
4463
2779
4522
403
2086
8769
6708
7450
5766
5417
7945
4779
3549
5162
7879
8408
3403
8247
8619
2546
2853
2055
6847
537
4971
2218
4840
53
7578
514
4573
3214
5156
6136
4027
6939
5625
7257
8860
465
5649
215
6514
2420
3664
1505
4044
7718
2944
6430
1866
2885
4908
3829
3747
6131
5699
5667
2916
7093
1250
2456
3478
303
493
7895
2860
893
7544
3327
1003
5803
3915
5551
8969
4427
6487
4533
6254
3080
8249
7415
1839
2672
442
3634
5366
5245
2779
8155
3524
6924
7458
5382
8905
7038
40
5144
5477
1428
2641
8574
6360
1147
6594
2258
4376
1831
5111
985
4659
8432
2954
126
2589
8679
1631
1601
2979
1676
7545
220
4297
803
3446
2963
5754
4752
1299
411
3299
5137
4851
30
3019
4485
2878
1457
1138
3970
6657
7263
6212
2630
4145
4851
6271
4394
255
2
6627
6474
1913
6163
5753
4887
1204
6508
2475
2879
6595
4795
1322
2644
4000
1892
2578
1365
1990
2917
5060
6632
2241
6206
2761
7350
1968
43
8805
8062
7467
3507
8824
8335
1400
2565
498
2585
1611
6707
7393
6297
4398
1727
8590
8158
5756
5146
7009
2797
1437
3295
8114
1281
8227
4692
851
1311
5593
207
794
8007
7287
3433
711
8053
7797
4266
3083
4640
3261
854
7903
6328
7644
4064
7711
3893
5807
2982
2113
6179
2664
3759
4373
7462
2709
6898
257
4675
6950
386
1461
6756
1835
5606
6321
2171
1741
7413
8659
115
4148
3804
8378
2451
699
7118
7020
7812
6249
5151
4406
7547
3781
8215
8952
977
3249
6954
6633
3512
7644
5649
8953
6758
2594
8868
4152
7138
4102
280
3502
4561
4577
6913
1434
7661
1817
2375
1726
3810
4945
3837
1452
1362
3987
5117
3292
8059
7788
1439
637
6817
1252
4290
7097
407
6116
2019
4059
5138
3974
2104
4292
4519
4339
8213
3743
2206
4489
2600
5090
3486
4836
4261
268
5551
7452
6526
6454
3684
6293
3319
2045
6751
8567
473
8174
7100
4642
4047
1193
7554
4227
1037
8686
7156
6353
5479
8038
1377
6725
6103
1291
2209
1849
7513
5076
2016
6279
8625
1729
934
8859
851
5314
6169
4527
3428
2642
4164
1100
7888
3417
8108
5273
3760
4380
8140
2335
4851
3699
1093
8006
5366
1759
5094
4074
8604
6119
824
7499
6781
2723
7373
3302
8947
3035
5106
7433
8359
5111
4959
6194
393
3360
5970
2037
6953
3127
1727
1210
8464
185
5910
4376
793
6251
7641
7966
6969
962
7476
1793
3266
6601
8327
5300
1442
766
2415
2069
4848
4302
4914
8419
4974
1329
5487
197
1392
4897
5948
7155
4708
3054
678
3894
961
7255
1090
7050
6179
6382
8656
8377
1660
2150
6332
164
3392
7343
932
3137
3972
2560
2500
665
3082
2884
2948
7703
1213
1230
7988
2177
8936
1244
3536
5924
7293
8944
8532
1936
2323
6640
4761
8953
4673
6699
3984
585
3703
3921
1221
7094
5927
4334
848
1103
45
3645
8609
3090
697
8709
4697
5806
6086
1577
447
3533
2094
5261
8183
3980
3775
4292
3105
1478
1902
6064
8654
7403
6370
8105
8893
3616
2126
4604
6341
1092
5284
2490
5058
2837
2156
6260
7436
624
7619
3475
3675
3834
7479
2222
1342
3772
7165
1983
7336
2457
8379
7393
4185
2627
7796
5257
4690
1888
548
1927
8602
793
6923
3278
8964
1502
2468
7690
2023
2148
7792
5365
6960
6164
2633
7634
2730
6387
619
8339
5668
7095
4606
1112
235
546
4742
5581
1234
920
310
7712
5606
5824
8867
1103
6913
2087
1341
4195
1250
2230
3599
2457
1995
1702
5259
2231
2127
6023
3447
3782
5466
2155
3622
897
5685
4233
1389
7052
8676
1589
3994
831
8708
1019
2027
2537
6449
2956
3480
3051
1494
439
3183
6402
4321
5443
6592
8992
2997
1679
6091
7019
6529
4416
8633
5535
4953
8663
6026
7173
7087
8220
5696
5242
5620
5790
8201
5024
4264
1587
4055
344
8145
2845
3088
8340
5817
5363
1008
6067
133
3083
635
1435
7759
6695
4957
6345
3573
4466
6235
7852
6227
2540
5303
4843
1480
4851
7699
1199
942
3005
4499
6446
8747
1073
7788
4128
6265
1159
3751
4201
1469
331
8341
2115
8630
654
840
2939
3352
799
275
4985
422
4910
8053
4702
517
6243
6690
7028
4809
3176
8796
3287
7792
7219
636
5310
5864
5563
7836
7950
8957
2215
8758
7912
6115
5521
2465
5040
2537
6947
3090
3947
4445
1385
8217
7313
4694
3273
4506
214
2406
2582
5990
7013
7571
8636
5140
4473
5512
4226
8867
1979
8968
2345
5944
5797
7913
6605
1914
2969
7472
2277
4291
3181
360
4572
3007
813
5063
865
3782
4594
3089
1792
2862
7026
8453
2052
8976
2490
7798
8652
4782
2613
8809
1809
4143
426
1016
33
7428
5364
1862
6272
3698
559
4318
4430
1656
2462
6115
3300
4464
8609
1206
2206
6077
6086
5239
975
5454
3484
4019
7415
6320
1794
2801
853
4748
7739
2662
5179
6269
8237
9
5506
3813
6241
8573
8531
2990
2218
8906
6939
277
8544
3887
8218
1359
7959
7334
303
8884
6902
5333
4313
287
3678
1481
3482
4229
7435
8513
8188
3185
1276
1848
7832
3952
8961
2439
3223
1288
8128
2903
5497
3073
7704
5243
3650
513
5811
5574
3913
1321
8811
6137
7116
7529
6162
2860
3912
5686
5995
5756
8434
7336
6253
2351
8846
8065
911
744
2398
4052
2516
8858
2687
951
6676
1001
2806
1783
1458
6779
870
1800
6407
6644
4658
915
8184
6271
2367
6242
2743
4778
2755
1430
3627
4385
7571
679
4104
537
7257
896
7554
6518
6068
1109
5223
5377
2641
5461
5983
4962
5886
2858
3265
1145
2905
4285
2030
7168
2926
4971
6165
7198
2876
8500
6689
4082
5360
5284
8003
767
7941
1412
2744
1287
2918
5945
5249
7792
3444
3905
8794
5239
7315
3458
7509
1900
4772
2370
1951
4125
4874
1077
7045
4130
5105
7208
4449
4715
4656
8352
3561
8444
1809
5231
3196
4366
1120
8677
6946
5558
4712
5364
913
6546
3663
839
8437
6451
6477
1719
6241
6400
127
5025
1865
4593
7458
1260
1020
7479
5364
2476
4223
5268
445
3966
379
6072
3574
8732
7409
2532
8914
7557
4703
4014
7334
216
4017
8294
7521
7213
8765
105
6266
7593
1825
8099
3771
8556
6949
6559
4089
5199
3101
7757
5255
3986
1773
8667
457
4183
921
2571
1504
226
6051
5258
8767
5184
1913
6571
6552
4930
7283
6916
7541
4135
6075
905
8874
3874
8632
5418
3258
2123
6822
5093
4710
3436
8134
490
6278
6793
1571
36
879
5129
822
4357
4052
337
6382
7251
4498
1103
1464
5389
4969
6012
2066
8128
592
6400
6038
8354
1152
6145
7181
8206
4937
7307
4887
6002
4067
6046
5833
5438
6417
2553
6291
169
1518
6123
6130
5291
3169
4900
5225
3570
340
6522
3660
8875
5974
1837
1139
6067
2004
1476
8199
8992
7005
2047
518
7007
5080
8042
7720
2264
1809
5457
4859
2606
7776
3229
882
1409
1014
2686
5435
3807
6050
915
7512
1638
7483
7556
5510
5992
2195
7773
3694
3348
3418
7023
1792
5809
4283
8275
1207
2905
971
5837
5793
4129
3057
4329
43
3848
7434
1141
4234
7931
6026
96
2027
4130
1953
189
1632
868
5978
8468
6351
6734
4459
6456
3506
891
4412
4246
7495
3869
7090
3389
1334
1930
6515
6858
7031
8208
1205
6535
340
1194
958
2637
4546
943
2779
1941
2364
7830
4169
8191
733
8207
389
7329
2697
3741
4043
8571
7257
3358
4496
414
5337
3276
3502
5945
4880
583
4824
2507
1883
7090
2725
8927
6094
2044
6945
7131
4387
7806
82
6448
4969
644
3230
4365
1393
2829
4381
2860
4350
6067
2977
7899
2051
8207
7645
7131
3523
1021
7397
2156
7698
1146
639
4759
6538
4243
3084
5400
8134
4538
4794
5245
6474
8460
4473
4906
699
5453
6104
5973
2395
6532
1098
6784
1791
4193
3641
3718
5581
5210
6433
1358
1330
658
2545
874
2691
2299
5896
101
8792
339
2362
8165
3811
8497
5338
3902
6611
5542
4593
8275
6650
5927
4043
3606
5656
6107
5591
2
8488
4794
3332
3562
2804
613
8634
6464
4915
1380
1793
4925
7713
4568
3016
1355
7115
1299
8423
1180
6883
6512
8102
2706
664
2087
7076
277
3559
2801
683
5757
7694
6691
1152
1263
4656
912
2137
1509
4638
1211
992
5987
6672
2685
4872
4401
1937
6831
4418
943
5784
1507
6030
1034
7327
415
7788
3237
3312
2346
3914
7456
8943
7793
4905
1252
4550
5165
8287
193
7357
7327
7140
6288
6287
1015
2117
2642
8541
8310
1863
2415
3758
2642
4866
6881
569
962
7989
5671
5106
416
1014
7147
7759
3485
2631
6503
4335
4104
3239
1701
219
8111
8384
1244
1887
1442
1822
8325
8838
6959
7846
4750
5330
7669
4058
684
699
3381
8824
2698
6298
2147
3153
5683
5510
506
4606
6963
1527
1955
8707
4139
6018
7912
853
422
4891
322
7477
2356
6382
8536
4318
5879
5069
1085
954
4115
8328
4455
4861
217
7506
1465
744
3020
6141
5495
788
6816
7018
8943
722
2655
214
1589
385
8995
8003
7783
6364
1928
8629
436
8868
3906
8417
4527
6149
1576
2044
5550
6105
8959
3842
2447
7259
498
7367
320
6954
5910
8079
8806
1196
7368
8026
7864
7683
6179
245
3622
8124
8699
2053
2077
3323
1901
5713
1588
4204
6905
3642
5192
5815
7967
8550
4474
274
4153
5889
5224
5871
2254
4133
1031
399
1534
6344
403
6752
4738
879
3368
2752
8225
2237
139
4490
3221
7134
2977
2687
8814
7130
1115
7366
5037
992
6295
6017
6854
2046
5477
8103
8004
543
8303
8009
8278
858
5572
6370
5333
3800
2789
6733
6627
3232
875
652
5147
2576
4234
5661
693
6057
7394
7485
2539
5331
5762
1704
4859
8991
5211
6248
1755
261
8886
3186
98
6725
8888
8379
3614
5779
8368
1945
6827
8821
3936
6799
878
3708
4825
7689
2979
7900
5704
992
4036
4092
1018
8578
6521
1955
7345
5340
8581
5544
5420
2095
3021
6894
7107
7771
2554
5714
8395
876
4285
7036
4271
2352
4069
6600
6940
8770
468
4413
7921
2915
4859
2066
5913
440
3379
4915
3832
5224
4015
7135
6257
8739
5190
5725
8153
905
2498
3372
5220
1764
7261
7576
2643
789
6866
75
3372
2243
3230
7671
7896
2840
1727
4054
3538
4541
3604
5520
5963
8834
64
5048
3622
730
1547
2485
4968
6276
4678
8550
431
5071
836
1243
2852
404
3472
4225
5072
2275
1888
225
951
2385
8303
4683
5539
4294
1655
529
8983
4496
8291
8313
6917
2206
8230
6876
5512
7925
1056
8388
5672
5657
4391
7865
5060
8099
4239
8513
6842
3098
740
1050
6908
4005
4687
7004
700
2846
2057
410
8934
8815
3330
626
271
4590
7113
8538
2102
3011
6517
5865
8809
8437
5767
6059
6002
1564
1556
7416
8557
1730
2377
5315
5390
8452
1539
6640
4848
4327
7782
2796
730
5654
973
1744
4715
3958
5037
4696
5221
1494
478
6907
4022
6059
4501
24
5582
2591
7254
8781
4471
7028
5772
5507
3759
2103
5002
6904
3228
5571
6137
3184
2131
4108
3073
8337
8495
3976
5073
31
1185
8692
6356
5115
2866
1893
6957
8894
5875
813
5627
5845
2267
5532
6064
7862
5933
3234
5939
4232
6026
3592
762
2541
405
2209
7842
678
8037
4458
7660
913
71
3431
2198
8076
1963
4401
5046
7683
5878
4621
2592
6609
2818
3030
3514
1650
430
7522
56
4946
6584
6663
4751
3937
813
2620
1703
2298
2731
723
4598
4278
5593
3546
7757
7162
1602
7084
6067
7237
1846
5241
3507
7664
8015
2861
151
819
449
33
1906
339
3951
2846
4152
6185
6230
8372
447
2603
4263
4241
3902
3240
1619
6086
6075
7171
4114
1990
5845
1883
6900
2756
8960
2672
4933
4088
167
795
8491
1779
5891
7897
2234
139
2952
53
6114
4129
1789
7128
6693
6979
6620
2151
2782
5989
8892
3238
8906
5200
2278
5174
3634
3472
5369
987
3699
6190
3426
5343
1694
4673
5947
7941
8792
3666
1070
8766
1120
3271
540
2677
7452
5265
4582
6879
1548
1702
2677
7013
151
1393
2927
6445
8621
1265
6070
411
7613
916
2414
103
1048
1188
3900
3972
1876
1838
2269
2267
1899
5641
7745
2123
476
1909
4622
1871
1088
4185
3363
593
6379
776
3983
401
5666
3439
1578
2480
1402
6217
2859
5974
8427
3272
5914
4496
684
7819
6188
5606
1226
6607
6555
2327
6912
4058
3560
5822
2968
5038
1779
3862
8843
6569
6862
4662
4689
1548
5467
3613
7891
2993
7734
3683
829
146
1490
8718
48
5019
2442
2334
6531
3397
8264
538
2573
6685
8059
3815
7790
1839
6173
3038
1824
3053
8580
1147
5083
7867
8305
5656
7323
731
100
2451
4425
3948
6924
5216
911
4446
873
7642
949
7194
1810
1564
994
2565
1496
4506
3756
1251
8544
1677
4962
3601
8559
4997
4930
7846
5353
4519
1272
8476
522
8743
6698
6064
7572
8759
6695
795
5973
2677
2138
6559
993
1869
3642
2206
5313
8659
674
5218
2871
2234
3116
8381
6284
1577
5891
5803
4317
1931
647
4532
5062
4291
6449
1041
132
4911
2192
63
1819
7357
7791
5116
3199
4283
6865
6873
1556
2269
467
7453
3918
879
3997
2786
7462
5302
5533
212
8999
47
3585
3471
4504
1567
8240
4519
8416
7282
4228
2135
1884
5763
5736
3690
3680
595
1762
4762
8608
4430
1197
455
8985
6360
260
4395
8472
8491
7695
4772
690
5902
5585
2221
2090
1072
3572
3951
2541
8827
6594
1395
8233
8676
7631
49
5987
930
8022
5786
7266
81
7205
2753
3758
6406
1926
7936
7467
6942
2046
7014
2893
5908
6137
5706
7011
1664
3044
7106
3265
3758
7777
5587
2916
2567
8354
2551
3878
7297
8635
566
6872
7830
3959
8515
2942
3801
1032
6015
8676
5552
8581
3152
3276
2170
2359
1433
6959
8179
4962
2368
4492
188
895
1841
4014
3666
7958
7533
6130
3762
2980
3666
7243
3626
5622
2063
8379
2486
233
6080
3239
6881
5867
1020
8568
7004
8745
5216
3777
3199
7273
2042
4576
3912
5823
622
7829
7617
4410
8445
1216
6601
1620
570
3820
4460
8492
7921
730
8030
6724
4686
5247
3587
8659
5145
1728
8964
6017
1114
8393
3916
1983
7213
2612
4593
1175
7840
3660
1833
6816
8969
2749
7653
3924
4772
1337
3597
1896
5012
393
3750
561
3902
353
5772
6373
7046
4725
3522
3236
7764
4923
3294
1436
7985
7970
6593
8945
4438
8122
2947
1065
3278
7188
1199
7221
6212
8891
5377
4124
5475
5596
6890
8113
1960
5197
6333
3397
7038
3952
6175
3744
2906
8907
4732
6700
4685
55
1788
5847
1670
5999
7984
4889
2591
1479
1112
2594
5737
6772
6629
511
1923
4707
6102
8429
5131
2430
8903
94
2012
3480
2739
7664
8034
1343
6934
7455
759
8428
1164
8421
8933
2429
2532
8882
5305
7531
2899
8012
8602
7960
470
3701
4580
1133
4650
7399
6703
7379
4739
2162
64
7200
8335
3827
1817
8070
696
112
4629
6952
8292
344
2642
7206
8128
7352
7796
3902
3817
7044
2221
7211
5727
3160
6436
6979
3788
6024
3652
5279
2546
5399
2128
6939
1125
5355
8619
8249
1931
7061
488
4307
6442
2845
5638
4000
643
5114
7306
8508
7909
2591
7833
2901
1446
6399
3386
7049
5331
324
1674
8564
6298
4008
1513
3387
8454
8893
8877
2830
214
3587
7140
3038
1427
632
7581
1487
1452
3371
7007
3139
4474
2138
3463
1945
5757
3195
5082
3431
4284
2126
6328
5211
5725
6015
6453
4457
1230
5519
1739
5226
74
8136
5324
969
6565
5853
1290
5448
763
7184
1254
4692
2546
6667
7254
4976
765
149
5119
5814
4878
7752
4673
7242
7092
840
7340
6550
3619
3388
4123
3223
504
6677
2796
6727
7070
5483
5880
8569
3432
606
7051
5432
8476
222
8065
4971
5464
809
7774
5125
5280
1430
3129
8409
4599
783
6564
195
1456
3986
2067
6768
1544
1355
6951
1999
3240
2547
5945
7464
7676
7795
3832
2455
5990
6013
6870
8521
6818
271
200
3649
4257
8266
8330
4879
1839
8621
3863
5258
6640
2834
4274
3095
5847
952
5209
3664
3153
7678
4353
4816
4684
560
8056
1912
6878
787
589
1960
7314
2705
6392
3769
8369
2138
4099
4309
8717
2904
6010
5905
8526
2110
1357
3815
4420
2692
761
6152
1724
388
3624
6116
5645
8402
4167
2275
7602
8615
5894
2607
8448
4645
2459
8501
2391
8568
674
3598
4593
4418
2478
5903
440
6864
5004
464
8464
8245
5083
554
1924
5886
8741
1096
7110
8504
7238
6196
3163
4909
2979
6933
3929
3571
2378
4699
4738
7646
7983
1413
2935
6074
5209
609
2220
7133
8956
8171
3502
7473
2095
7637
8597
3691
1155
4785
7879
8668
1112
2249
5234
6274
5772
6531
1303
7304
5457
5680
8097
904
5363
3327
7774
7791
8920
3924
1344
7602
6277
8935
1919
6158
8634
6467
7802
2352
1268
4720
3615
5221
7063
2265
2866
677
4001
1212
4101
6467
6817
3796
1771
4972
1258
8945
8860
7177
4297
1954
1863
2189
4950
5579
8892
4023
5429
8329
7724
3385
2409
674
7716
8353
6324
8141
155
8067
5783
2571
2005
543
5471
3505
7196
298
116
1639
6473
4488
7335
8642
1659
5967
6552
7496
7127
3729
8478
7056
1120
3602
6441
5923
7513
2325
2199
8771
7549
2412
46
8794
887
1325
3000
4252
841
7896
215
2936
4252
2996
2663
3444
7990
8720
4987
8664
400
3030
8738
7248
1023
7511
1271
1634
1959
1892
5389
5076
8827
6357
1377
1793
7692
1448
8751
1944
4379
1987
5744
5343
6220
2265
1141
1026
6089
196
4762
1047
41
2500
7306
1326
8106
8687
3946
3033
6144
4268
1597
7193
789
7144
5819
4360
3890
2319
5320
440
163
2462
1661
4788
4412
7281
7079
3040
1460
1279
5173
8963
6275
6604
277
6442
713
4794
4794
7805
8808
8718
789
6580
762
8109
2885
8465
2405
5978
2036
7387
8029
338
3804
2356
51
1142
6343
5810
1337
1583
6811
747
882
3075
5740
7606
3494
929
7963
7545
3241
4004
6040
3489
3195
6438
7980
1560
1158
8966
1945
1329
1735
5214
8182
6764
5474
1528
7537
4115
508
464
5963
3087
4583
2765
6775
6227
2660
4534
2788
8585
5971
5630
8124
419
2741
7733
6512
4390
6906
5908
7900
653
2795
8826
1978
2946
5468
141
3884
757
4795
6550
6588
2668
3325
1136
1115
2092
7607
8623
1969
4635
5752
543
7789
1970
3152
7092
3970
7280
3795
2353
8964
2625
2640
1389
8307
8742
5019
8341
7792
1651
3089
765
1055
1115
6639
666
7243
803
1988
8382
2825
6475
4199
8401
2323
1972
8932
7074
5893
7659
692
4895
40
1115
2077
3503
6306
6269
2245
3114
887
7153
1442
5872
3117
1569
4007
7627
987
7214
7094
6135
607
1417
7274
8730
7450
8784
539
74
4064
4048
8751
777
1257
4581
860
569
3963
2422
5369
3335
1436
7979
942
7289
3131
5072
1999
6420
8692
6927
1332
5071
1551
734
5744
7945
8348
4281
1657
7649
7772
7665
535
6776
8885
6951
2688
4193
3591
254
6697
1687
2481
5291
8167
4997
4481
122
674
1407
3426
6007
5536
8606
3867
4132
5581
1076
103
6179
7314
4468
6187
1202
3254
5018
1566
5286
6139
3625
5937
5241
7762
123
8135
4320
7073
7397
8463
7114
1299
6102
181
4646
8451
3750
2116
3989
2304
973
5126
8091
2295
7761
4258
1311
3175
5974
841
3945
4588
5866
224
7956
247
7957
514
463
5403
7241
2426
513
3474
6116
4088
3889
7424
7508
5302
7982
5259
7002
4919
1179
6692
2580
2018
941
1066
17
7717
1292
5086
4993
1461
2631
5961
1897
5282
791
5162
2712
3421
2332
1624
2264
1142
4928
6888
7652
8093
3635
2092
5833
6092
6130
7413
7259
1272
8158
4635
3001
6063
8506
3503
6019
6697
8939
5894
4548
3637
7464
615
8932
5731
8580
6169
2786
7572
4405
6382
1022
8694
4883
1717
8512
401
2091
5341
7834
2257
778
7080
4598
664
4440
5096
1427
8430
1725
85
4306
6205
5375
2201
332
649
3219
586
2580
7115
665
5786
1449
1031
4131
1017
7962
1036
2820
6591
8204
8110
8258
8321
8006
8905
834
1717
2279
7164
631
2189
6042
4105
1370
5741
5117
6566
5318
8774
3439
2721
4071
2029
5197
6986
6026
2334
6980
1336
7096
7223
2562
2359
4697
7552
3359
5406
2690
5402
8426
642
7550
8261
1698
4897
4676
6387
1931
7725
6760
4104
5141
3108
638
1540
2735
8268
8419
8354
2155
3192
5179
7010
6272
7797
3376
2579
5985
8592
2312
1404
5867
1721
1863
8319
4194
1165
6574
8581
1299
4567
3991
1190
1440
1623
6009
6408
1623
293
8031
6656
2128
7905
2503
7551
3781
5453
3912
2990
3957
980
3819
2251
7893
5086
1999
5065
1312
4790
8230
654
4692
1680
3018
2011
4164
7156
2566
4237
133
7786
1985
786
1203
8733
6605
8160
4689
4270
2859
7301
2247
7766
6267
3640
5969
4575
537
362
8901
6175
3553
2004
734
4398
4652
7247
8696
3707
360
6990
7130
3688
3790
5908
5351
6281
8501
7480
4736
4316
8733
2432
5752
2642
8027
6641
7939
5502
7559
6671
1669
2953
4533
3526
1985
2645
2129
1252
5801
7014
7729
5993
194
6230
5918
1705
6689
5709
7446
1708
1712
3135
7332
961
8764
6655
8957
3170
249
4810
6523
2577
6458
8515
2125
8522
8239
3930
3897
6712
619
6539
5811
6013
7538
8344
2202
5144
1815
6117
1866
3167
7216
5692
3026
8107
6078
2088
3170
1730
7756
884
328
1618
8264
2212
108
1861
5982
8522
7368
7494
1029
2821
4666
934
5790
7729
3732
4429
4914
2180
1396
4053
8592
2604
1444
1068
5112
7643
5919
8069
6942
2844
1449
4947
730
1088
464
6434
1489
4951
1807
3232
3892
1185
8330
7226
784
2380
3542
7557
1270
664
8693
6266
399
2095
4297
6633
3656
569
8672
6885
1861
6764
6602
4116
4503
5690
1881
7413
1877
4777
6859
1918
4850
8452
1660
7178
3423
3177
1565
764
4425
6564
2205
8345
4050
7270
7933
2263
3913
2017
2686
8968
3599
2367
7264
7901
5939
237
1642
4609
4577
7728
6703
2513
6104
5594
5811
3775
4381
7914
6461
2209
1853
4504
5331
1679
8467
3102
662
1549
875
5131
8038
6621
1780
709
7196
5155
6845
2980
676
6011
1203
7533
1179
930
5432
6243
800
4211
6350
6738
7914
1341
3156
51
3266
5916
6780
2365
335
2110
7120
1765
962
3188
4226
1864
6295
2940
7020
8178
1878
7546
3240
4475
321
6616
969
5772
227
2959
7731
3880
5655
3646
2493
7974
2261
5083
3159
4193
6706
1646
1416
7609
3458
3402
3268
6276
4066
2518
2536
8456
8703
2789
8566
6502
3138
2795
6337
299
785
5092
5743
7651
6507
4824
2981
635
3633
5212
6954
3158
7606
1731
3584
4233
8514
1560
4715
5435
621
2337
368
1616
6082
6473
2573
6620
1706
4117
5926
2020
6376
3885
4980
8828
1005
5467
5685
547
5279
1171
5537
6374
6256
7711
2554
5638
8063
561
2620
7975
6243
3455
8174
94
5196
3865
8236
3347
6588
4943
237
6308
5539
8025
8742
8093
6437
65
2100
5219
1455
4166
8344
3507
1100
7899
7602
6658
7565
1741
7546
6603
6268
7774
7948
5781
5574
8829
4227
3737
6537
7433
5978
2111
509
524
1371
1371
1788
4169
8806
3174
2614
7013
6457
3100
3688
6174
8289
569
3742
8526
6493
5341
3152
2820
4712
5921
6357
5751
4119
3191
1084
2188
7273
2003
5429
694
2852
642
2092
4381
8583
2501
372
6212
7945
7849
7787
8271
933
6528
4338
6295
83
8228
1383
4500
1594
1571
4049
4507
7717
3507
1634
1370
6326
2520
3402
2851
8760
922
7582
6595
987
3021
2008
1650
5645
1739
5858
8649
5514
2296
6412
3807
3716
733
6395
3134
6468
3139
971
7500
565
4070
717
2987
6559
8678
3464
4415
6404
4009
2295
5076
1629
4409
1136
8193
1854
3902
6970
2237
8046
2013
4530
177
1764
1827
8623
957
3084
7576
8300
7819
1710
4721
6813
6809
2196
1735
8174
3066
7346
6191
5431
3411
2764
8788
2830
217
1698
1002
1493
4755
1461
8276
3362
6355
8481
6987
8783
8645
5682
5207
1517
5676
5120
8239
1547
7076
8473
6602
2590
422
8360
4548
5648
5892
2704
200
6407
1496
4092
2368
1849
1668
3063
1276
6902
5890
1004
7956
8241
8915
1011
5107
3756
7106
3238
1204
2343
7830
6024
2416
7207
4745
2353
1588
3616
8335
4880
7702
3376
6105
2008
8929
7281
5032
8398
120
6568
5391
3151
2396
1557
7164
4444
7878
4531
3742
4958
4546
5213
7701
860
1880
8787
7427
5272
8824
8646
1830
1965
1661
5849
7856
6669
5233
6968
5732
2790
8457
150
8618
8971
4569
8887
6868
6426
4960
2096
8846
1371
4833
2667
6332
8756
4027
6930
2635
5947
5762
6509
7027
8518
7924
6418
2005
7704
2077
549
7547
4666
5612
4476
7715
6540
4762
697
7011
5702
4057
8930
8963
7812
7204
334
4922
8844
1070
1240
3811
49
7264
3671
1778
745
8640
1777
1960
586
6517
746
6706
6853
1171
7811
5533
8514
5960
1197
5949
7441
1897
4313
345
2557
3119
2868
1840
6901
5434
6267
5578
2116
2233
3591
6319
2694
1494
6481
6587
1720
2490
8552
8763
4582
1996
1307
986
2651
1059
348
6069
7944
2963
1873
3561
8380
6497
1159
2269
6680
948
5349
7919
7725
212
959
7645
6512
5260
3135
6769
6288
8613
8595
6757
37
2988
5360
5740
1866
5353
2179
1184
7060
5731
3659
7941
6141
796
8041
8356
8096
6035
526
2755
8528
3061
958
7755
6953
4234
6628
8931
3444
4868
4989
170
8192
6551
7417
3272
6104
5292
6901
6457
1575
5357
7221
4982
7322
6167
5978
8061
7894
7718
1743
8526
4948
1180
1269
4890
4055
8764
3751
8556
2299
8590
8047
8732
381
5209
4133
7001
8946
1739
6679
8806
5933
8339
1590
7497
3210
2661
8662
2900
6405
2627
8319
1389
5354
1779
2773
985
4117
8082
7479
364
2377
5904
7694
2636
5110
1398
1770
8921
3846
1212
1840
6468
4420
3983
7004
3428
5264
2984
3483
3066
184
4777
6765
3065
4852
2361
4251
3533
615
4125
3732
5152
3449
918
6197
1337
262
6261
435
1271
5435
4289
1537
2950
3531
7284
5851
1963
5058
3410
8609
452
8276
1745
426
1554
1343
6349
4401
3665
4079
596
3645
5376
2300
713
3845
1088
5985
4368
441
4869
1547
4741
4694
7187
4464
2873
2891
246
5771
1504
4831
2699
2366
8773
7527
451
3837
4194
1693
486
2269
5760
523
673
2725
5867
4531
7067
3206
7216
1142
7669
3542
6764
1454
5816
272
1479
3583
6041
557
3878
4395
6506
5945
8231
6740
1982
4024
2119
3911
1950
6424
6842
5590
4483
7448
8216
4297
6308
4124
836
6663
3071
1552
884
1055
2696
6704
1457
438
4831
554
6722
2063
6452
6690
8631
519
7886
6718
916
5244
1823
5399
6507
3806
7872
1168
4639
4603
4999
659
8093
3717
7775
7602
817
7145
1625
2891
2393
4976
958
796
8441
8946
5131
3677
2949
6194
2272
1716
3413
8264
3699
2844
6683
7277
8873
3807
6809
2153
1025
2644
903
3291
1286
7658
2447
2321
8007
1058
1050
5602
1154
4598
2766
3176
5176
8382
3871
2878
2555
5585
7146
7672
6955
8758
7977
4575
4724
7857
1235
2544
7451
6078
2533
5595
7481
3997
4289
7129
5941
627
6745
5125
584
7089
3679
1010
3761
219
7366
1825
4122
6773
5567
3004
6761
1700
2606
5496
89
1974
8334
1576
1534
128
4694
1767
8868
3120
4714
647
2976
6962
5138
5855
4383
2347
8769
5126
1662
3507
2904
7743
809
1383
6575
4432
3605
1578
4599
4779
8596
5065
1389
4426
8531
3285
3927
1037
6302
7633
3699
2583
8814
6407
5553
1807
8776
6413
8336
5218
3503
836
687
8915
1163
5747
7430
483
5922
7171
6573
789
5415
62
6933
2728
4557
3816
3134
5983
8700
8762
2776
6831
3666
1057
512
8531
1576
2216
2121
5390
3933
6388
7283
5291
7153
6472
2213
6832
5699
7518
6815
6871
3810
7560
5031
5906
2782
2238
1559
1839
6647
7274
2997
6328
686
2708
374
3307
2429
4284
1610
6025
1822
5304
2430
5976
2503
8155
4546
4691
2112
5300
2041
2885
6583
5802
3737
2244
7786
3704
4120
8671
5139
379
7473
785
7973
7658
6272
6479
191
3986
5380
7645
2088
1863
7656
7589
329
7826
4913
1296
6401
3953
4068
6685
6311
3449
2048
5405
5200
6689
6591
5115
3301
2195
7591
238
7636
7007
7911
4220
1569
21
6866
1504
1034
622
106
6348
3300
7175
3297
5492
7849
4428
2332
3024
3764
30
348
4086
631
2977
3063
5095
1132
600
5515
2511
5728
278
3233
1548
1624
4041
1298
7878
8576
2010
1892
8067
4221
5068
8755
6121
6277
88
3286
8083
3484
5752
8767
6938
4546
2046
6448
813
7702
3060
100
4122
1859
540
3846
950
4533
3392
468
5137
7211
3413
7487
2365
2313
7550
239
6948
7967
191
4106
4633
4312
3785
6631
5880
7478
4190
2588
3509
3181
4126
6271
426
2708
832
111
3191
2770
1251
6725
2379
2967
2186
6131
6680
554
4128
2139
7540
865
6781
1207
7382
1610
5158
6580
8218
1900
1346
711
2926
7367
561
4155
4433
5372
5900
6470
5263
2014
3880
7213
1855
3171
5474
1624
2426
6756
8286
430
3252
8963
57
1039
5497
4809
2423
7350
3629
1899
275
7051
4116
7288
4305
8507
7018
7956
1002
8765
7435
8295
8646
3419
8626
8538
8281
8552
3279
6696
6099
1355
8128
5259
96
4519
8685
21
7507
977
4122
2731
3905
190
221
5911
846
3538
804
8242
5658
6714
5272
953
5450
2782
2240
8512
1382
1570
3533
8246
299
4819
7520
6122
8275
3112
3280
2015
2564
5547
70
1544
5681
4028
1680
666
5994
3809
1694
4461
8305
5827
589
5088
8254
7619
4217
5320
5543
7974
3827
2477
4360
3299
2408
5015
1661
1751
7838
7770
443
7158
5480
6263
1675
8738
870
4211
5726
7555
6951
7015
6788
494
8289
1565
1121
7558
1137
6090
5124
1518
2475
6784
5515
5243
6921
8414
7113
3678
7979
1411
64
462
2948
6025
2369
4921
8776
1159
5705
1305
3505
2552
1388
7800
2380
3232
4106
2517
8396
842
3258
8325
4448
2265
383
3928
2406
4740
6114
2473
5574
2674
8335
4433
8604
381
8860
3748
3744
1276
1956
1851
8981
8029
3634
8482
1889
723
7316
5980
8552
6460
641
6667
8605
1232
6006
2940
5864
5442
5692
4823
1175
5349
8524
4392
3835
1553
2852
5639
3924
50
6815
4190
924
7007
6968
7920
7087
2634
4033
3518
2145
1646
2931
3132
4914
3017
3373
8876
566
1588
7230
954
4981
5235
7990
914
2444
920
1013
3976
145
2504
533
1077
1457
2444
5527
870
5207
6899
8377
3801
7458
6522
2525
6942
2321
4941
1269
3150
8018
8999
8503
6256
5629
2713
2356
1381
7222
2904
2349
3338
1806
7118
931
5917
6297
8507
3420
829
2845
635
3752
28
7523
8601
2134
7687
1193
1876
2166
7870
465
2642
3096
2974
7031
3271
2054
4048
4865
2249
6493
4092
4739
6217
5915
1723
5082
5648
3181
6373
3829
4244
5726
54
8907
6049
309
8363
5702
4534
4032
2091
8278
4544
2531
331
7884
3993
8474
923
2527
487
7520
8258
733
8607
1197
8986
4146
4120
8182
7255
2214
6851
2275
7992
6025
6683
4503
5797
2997
4774
5300
5042
2262
1955
2046
96
670
7904
7392
3238
311
3908
8756
7540
1225
8267
7960
1484
262
2244
5348
3453
6956
5409
7531
7400
3534
2335
8403
2071
4800
4756
8683
2968
8802
3302
1899
1060
7663
6323
6808
3755
6308
7182
8427
5854
2629
4930
5231
7119
2560
3794
3466
7098
4716
5143
8114
6874
5525
4228
6412
6683
3686
6310
3643
2023
2351
5012
2294
5415
5979
7379
3133
1209
2417
4734
1736
8046
3334
3462
4170
6388
1252
2935
7594
7063
5681
7459
1378
3054
8945
867
5693
2407
6288
6118
7486
4686
8837
2435
1548
8804
7169
2515
5177
101
6739
3881
3452
3666
8501
3619
7125
8360
2124
8009
5467
1672
6914
2535
426
3904
7308
4015
5038
5333
3506
1039
1228
7772
921
5951
587
2015
984
4547
4673
8061
6351
7788
4520
6554
8190
6291
3012
4296
4800
8239
6428
2859
8738
6777
1366
7185
2037
8403
3762
211
8678
5862
1322
1384
1603
3910
7487
4840
3296
3331
3464
5273
1405
8504
4162
2260
685
5022
7666
2305
2202
2946
6804
6085
3364
2518
4717
2535
2733
2512
5804
8702
86
1129
5345
6395
2156
578
5398
5623
4529
7792
7694
7426
4479
8596
4210
3861
6346
5500
3150
4078
891
2613
5815
1121
430
4334
2409
3843
3337
1169
3013
8235
1598
4128
5367
5477
3235
107
8576
6890
7196
784
4783
7778
551
1333
7881
3359
72
8691
7496
5264
3258
5322
6232
8442
2515
1073
5559
8470
2839
711
3344
3883
6114
345
1605
3092
2185
3203
4868
824
5374
1106
447
6970
7731
7542
8122
5913
5595
5286
3071
4105
3209
969
5273
7918
5962
8719
6270
4743
3930
2129
6105
248
7527
1419
4371
7068
5710
6626
3404
2376
7737
4176
4548
8037
6399
3686
4602
476
7769
432
1344
4833
5716
3920
8962
3376
3594
339
3558
8486
95
7003
3335
8212
6207
6778
6391
4743
5549
1100
7417
1895
8116
2781
7605
713
915
185
7868
1917
1370
4119
1524
8850
6018
6804
2969
3527
290
6521
5348
4242
2658
8736
1474
8640
7781
5819
1490
4794
6250
6681
3942
6665
4779
8261
2119
8768
8433
815
3599
5387
158
6659
1890
8781
5196
8141
4009
861
311
4284
2999
8685
6483
4333
1735
4610
5885
3641
2367
3496
6788
6690
6392
2521
4641
5340
5866
1282
8904
4845
7726
3944
2617
5508
7660
1887
7062
5105
1400
2582
5958
3534
3267
6797
7538
7657
8432
5861
3746
1080
859
8591
3570
2117
565
2833
8744
5949
2094
2504
436
4412
909
3767
2996
8726
5118
2969
681
3347
3557
7562
6465
8506
5084
7219
6146
5835
7291
502
21
3826
6804
1846
8112
7817
1117
6098
1315
3027
5193
5076
2934
4157
651
5806
4513
8001
7728
2950
2524
2475
6450
4761
7536
5980
2847
5486
8275
748
6325
3212
7203
5858
3834
4311
6981
3431
7054
501
4235
2401
17
7402
729
3981
6455
2632
2328
6596
1662
823
786
129
7150
6251
4289
8132
7949
5294
6961
6077
567
3613
2130
4503
6208
968
1374
1683
5647
3780
7945
2605
7323
4414
7869
3526
7037
8983
4902
2650
2121
7834
5471
3194
1448
3758
5272
8205
580
8366
7744
5810
1736
7953
1643
7931
2374
5351
1174
7368
120
1572
6500
7170
3755
3755
7101
6300
8772
6203
7941
6060
3886
3964
1415
8107
6879
4027
6118
8394
6836
5555
2168
4039
2826
3362
7925
5772
2025
1053
8998
4525
8109
50
4439
6684
5274
1671
8941
8626
6712
2804
723
8262
557
8762
1206
918
8575
475
7211
7159
4471
8810
5495
4843
7843
1990
8548
5087
8763
107
2236
3655
3208
687
1529
240
1030
4625
7603
542
976
1320
1252
4227
2545
571
8663
5029
2652
4991
4986
3924
2234
3401
6007
6589
3075
7264
1840
2652
793
1188
3215
1961
7627
854
6923
8539
1088
4494
3326
6519
3828
1433
1721
8939
7974
4806
1083
7882
3031
7326
5578
5949
1275
100
6772
8347
7962
5946
3885
8759
2768
956
3652
4119
3279
7244
459
5665
558
8883
5353
6861
5948
4328
49
6012
6406
3553
6809
5998
4568
4333
6165
7735
6691
7112
8520
8078
4150
8054
4902
5616
6632
6746
3356
374
4795
575
3706
1440
46
6396
1009
6825
927
2954
821
5850
4200
1232
6171
5457
318
691
4683
5868
6284
5962
6684
5685
1728
7350
1683
4140
7163
5093
7997
6949
8792
6583
4609
7397
890
8642
2864
7209
3904
4746
2091
1561
1678
5020
6679
1201
2135
8668
2162
4451
6864
3706
5277
4172
7593
2358
5088
3816
4178
7778
4115
2461
6645
8509
6215
8284
5230
4983
2046
4450
7825
5818
1879
8345
7496
6268
206
6364
4650
8624
1367
182
7062
1362
312
6903
8006
7852
225
2084
4873
3761
4541
2743
7491
8738
8879
3416
837
1109
5901
8072
2988
4116
37
1276
7367
7976
6137
1722
932
1042
4708
7443
5558
4616
8330
2259
1103
8348
414
5289
6881
4833
4793
2772
6040
1787
6601
989
2090
8620
1121
7136
1465
4554
4287
799
5168
2407
1158
8942
3286
8816
5763
2350
8635
3631
1987
3905
8596
6730
5525
5055
6717
339
8406
5984
4385
8741
819
4246
3939
1185
1413
8943
3576
8312
2519
3686
7088
2101
1028
3897
7174
7766
6242
7702
4266
4120
3722
2633
119
2003
8633
1856
214
5789
3061
5710
4954
1433
2216
412
3013
8986
4868
1541
3948
5771
4887
7711
3316
3664
1549
161
4691
4179
2925
4960
3332
4145
6762
6932
6367
769
2732
884
8412
4030
5380
3384
2136
1322
639
2100
7440
677
358
996
6297
2986
5486
1349
7281
2976
1561
822
3992
8279
7549
2969
3751
2668
6679
4251
6868
752
373
4331
27
2639
1953
8521
6147
4411
3067
8792
2626
1485
8234
7282
7374
8251
8766
3724
4448
8487
2105
2437
18
2887
5589
8522
5027
6917
8335
256
8606
134
5351
5299
7741
8020
5412
6173
5318
4311
5923
3272
5807
7039
788
3492
7675
8602
2846
4842
5994
1244
1185
1134
5756
2788
6060
3842
5262
3582
4556
6505
6582
2489
259
2675
7362
819
3116
3228
1843
8971
4010
2637
8997
783
7387
5286
2110
8306
5121
2253
7136
6165
3231
8173
2164
5961
1317
6862
6699
6986
751
5463
8992
4473
1935
8584
2117
6366
6129
2897
3886
5534
7163
8001
2952
518
2812
8706
8471
8854
1091
175
1037
6367
8431
1623
2584
585
8603
284
8137
8315
7993
8080
8627
1194
4504
428
2064
1079
6344
5338
7724
4367
2832
6937
6634
8260
8400
7892
6652
360
4854
1788
5589
914
6644
8572
2164
2861
4466
5479
7510
8121
3045
8333
3610
4498
2480
8237
4802
4022
3304
8722
2801
2259
8997
2965
7276
2544
7509
5243
1183
7310
4473
236
3759
7752
6976
7618
4994
6370
3403
8318
8400
419
5996
8785
4355
2408
8135
6498
8419
2182
5758
5092
4786
3174
1495
1071
490
379
5374
412
7121
836
4572
1577
939
7185
690
2982
8817
2739
7532
7470
4713
5871
2832
8743
7076
1640
4120
3617
8270
5887
358
5353
8772
6723
6755
2651
2494
2481
6583
247
6209
4457
5506
8034
5171
8948
7398
6268
3256
7228
8172
1926
4153
8256
2685
566
6166
199
7634
2158
2402
7393
7524
1177
6406
6222
1925
4268
4770
7109
6403
800
84
1039
8981
260
3239
2312
5530
1582
481
454
4620
6651
7646
4726
6586
189
7732
8177
4921
6885
1297
84
428
7494
8657
6597
1292
3293
7028
5308
7830
4152
6
1282
1678
2824
7829
5978
3320
88
7481
5318
7442
7085
3542
2823
8769
8849
5278
1758
8334
4832
4417
2580
1888
6625
2648
4968
1275
2245
3057
1506
3431
8578
2079
1770
3643
2808
8534
4481
5546
288
1125
3541
6397
376
682
5499
6091
2516
8983
4443
3778
7955
3769
4173
4245
4247
427
3971
4949
2869
1466
244
2778
1759
8474
1289
8152
7360
5239
117
233
6992
3470
2224
8953
5498
2707
486
6046
6310
1836
773
369
6567
2954
7206
6987
8185
4893
6113
525
738
4112
6120
8398
8620
7612
8703
1425
6167
8027
3063
7584
1877
6507
5620
6232
1701
8558
2321
5727
1085
555
2629
8327
4279
8578
737
4092
4374
927
4434
3248
8201
4925
1854
610
389
8762
3109
596
3423
3098
1339
5612
3385
6964
6129
796
4284
7561
8480
4490
979
6689
3519
7857
7024
6207
6591
8744
8198
8749
3941
460
2087
6756
5832
6668
861
8394
7981
5246
8902
1647
333
3692
5652
2607
2783
1724
6602
3182
3012
8707
7975
56
3864
6994
7955
7741
7607
5646
3566
6684
1030
8671
7328
3003
8096
3508
6505
8463
984
69
2
1318
2033
2812
2515
8439
8334
5567
6573
6698
211
5810
8741
1530
3920
8493
284
2477
370
3072
7995
8087
1070
1006
7099
2328
6606
2832
1163
4238
6658
1498
482
29
6705
4820
5002
2072
3884
5133
5964
2288
3937
6757
1968
872
5121
422
6876
3115
392
6817
1776
1814
1362
8879
8095
7429
8472
3055
4684
6259
7100
4798
3954
954
5724
4866
6708
2297
2346
1291
461
1640
237
3631
3015
8180
8877
5402
5278
453
4871
4187
5624
7420
2321
2756
5805
7646
5068
79
4752
6762
713
1228
7152
8893
740
6513
922
8794
164
4590
599
3162
6213
8523
3698
4249
6094
1233
6727
8839
2827
4993
6300
7392
3774
2674
6406
2396
6938
3389
7503
5858
8725
7017
5731
6669
4102
6424
2934
2956
3781
2268
8653
8230
2082
643
5729
8233
677
8718
6180
2359
700
8210
7265
4623
8508
2030
6276
1632
8752
8434
7605
8112
2896
6107
2658
5163
4865
510
7403
4821
6736
2166
2094
1994
1845
6620
989
2151
3129
7390
868
3195
6292
1568
7407
3734
4919
4267
7450
7719
2950
116
3486
4278
3939
2079
3855
7301
6511
8920
25
2712
6758
74
1242
4592
8993
7756
1126
6489
6980
690
2855
4773
8768
1625
4793
7251
2837
6663
596
4853
5132
7798
3152
3020
385
7185
386
4319
8806
3847
6954
7994
4969
2359
5526
2443
1909
4597
1624
7761
3932
81
5633
1419
3621
284
100
4569
7461
5629
1962
4339
7751
1151
8950
2966
2628
4074
5598
8947
5636
6955
3024
5369
1411
5127
1693
7051
4356
1154
612
7965
1089
7586
6330
2295
5497
42
4318
383
6043
7237
7647
6421
525
1255
8882
7225
3300
5045
5375
6524
7231
3402
7777
6824
5589
220
4888
8158
8167
3399
7523
165
7705
3481
8727
5034
6615
6234
4522
4784
6602
4386
8314
1771
2093
433
2013
7891
8913
8949
2846
5196
7975
4097
8257
3665
8988
3096
4242
6975
5814
2950
3342
4363
6342
2548
2720
1117
8651
8015
2915
8807
5068
6688
7036
4127
1421
4176
545
3991
1249
744
8320
3595
6710
2688
1659
1378
2084
4470
5795
356
8088
7819
1733
5672
3898
8556
1581
4766
7274
5359
6875
7321
6074
4256
58
327
4790
1268
347
6783
1311
6167
6562
8679
6367
6322
2735
8197
2782
2669
6328
3476
5134
7466
3577
4054
3299
7995
1414
3976
127
4367
5233
3396
2608
8238
8781
2966
5163
3480
8371
3010
677
2775
3174
7509
253
2262
3449
8503
82
8506
3883
73
5941
961
3230
5589
8216
4109
1306
544
1840
1914
8136
6094
5912
8727
8847
5654
3965
8410
1938
6838
7306
6495
7694
5368
8627
993
4991
5445
1063
7930
3756
5980
1802
4384
5363
7486
6075
1058
7208
3913
4296
3810
8803
2777
7767
4375
187
436
6991
2336
5019
7934
1195
7670
6682
3714
5240
8467
5956
6615
8980
3186
8667
6147
2515
2836
7221
7936
6067
2692
3698
202
3775
5945
1971
5725
4569
1151
3404
1584
4178
916
1840
4990
7386
8887
307
5936
1339
462
8380
4390
6587
5902
1068
8830
6162
7512
5593
8515
17
4821
8638
6177
703
2505
8325
7099
2746
1547
4069
6238
2002
5203
8203
3581
809
5425
3027
6943
4625
2830
6118
3173
3822
1863
240
8031
1633
5391
1999
4961
318
7181
8220
6098
3375
8396
7939
3361
7928
3185
6402
7603
205
7882
1695
3942
4575
3602
7460
4417
7765
8778
6804
2269
5806
4674
4811
8008
3665
4558
1603
8073
7316
4365
51
1337
3099
1413
6121
7383
8955
2054
924
8670
1767
5833
5159
2246
1858
7988
8977
5265
8271
3516
1696
8685
2139
4996
6642
6285
6100
3031
1686
1906
5246
6174
8751
5520
6453
4627
4344
5692
1677
1169
1642
6639
2195
7941
4514
6758
6407
613
2864
7524
4784
2304
1752
3309
1065
1930
3206
8824
4806
7777
2502
5599
5283
7521
3652
5960
5152
2262
2388
3405
167
3455
4786
5807
2920
4545
385
4968
2735
2964
7017
6971
8184
7869
4487
5166
5874
150
3596
6677
5679
15
6691
6728
8407
3253
662
755
1972
8570
90
5890
4403
743
2328
6048
1119
5293
3819
7064
6365
973
345
6917
997
1052
5493
8191
36
5757
8016
4371
190
7575
7382
32
6469
2685
4271
6673
5293
4116
653
7950
3836
3170
4583
3957
3504
1385
6508
2221
5222
78
1628
6893
3502
8306
7357
3385
3928
4698
8014
5379
8275
8442
8894
1927
8276
584
2747
5465
4491
784
1127
427
8188
1561
2213
6331
3975
2743
1688
1615
3031
878
7233
4341
4811
7795
2704
763
3227
8259
889
4576
7258
1705
6799
4116
630
7953
5025
1603
5082
6157
6605
7550
4429
8697
8065
2231
799
1333
7346
5635
8007
7239
4510
5966
1509
6601
1901
192
1220
8783
3077
8844
1000
2268
6713
7431
6706
7005
4433
5647
364
1064
1835
6490
3446
2586
7407
74
2051
7604
8495
1619
6349
5493
6672
6268
7092
5186
8116
5524
1859
6285
5888
4649
3823
5636
2881
1150
3560
5134
7717
7949
382
7030
1242
7376
5234
899
2118
8925
3094
1091
7412
7756
6880
2187
5842
259
814
4668
3212
1194
5664
3024
1347
4778
8799
6938
679
1395
4061
934
1411
7762
8200
368
1163
6422
6201
1113
5171
5470
3397
8625
2956
6325
1772
8406
3692
79
5761
7843
1520
516
2881
8808
2632
1465
2302
6238
4342
1108
2044
5013
4569
8868
736
6156
7114
3604
1566
2828
1411
5996
3892
6314
565
4931
2759
5009
7501
7451
6370
59
1747
1843
3582
8585
367
3462
6068
3434
5916
8405
6418
7401
1233
5768
368
560
8057
6885
5359
1940
6891
3495
2723
3182
5806
8181
4529
3213
517
3029
3599
7854
8133
515
7283
2468
6494
6103
7728
717
3775
5294
1517
3145
3056
6068
707
4580
3840
8985
6619
3906
8672
186
5899
6936
1787
5972
2587
8419
7226
6690
3929
1365
4069
7449
7867
71
1599
4646
301
1434
6799
2888
8066
1274
2646
67
839
1951
965
2225
7668
6351
5329
8145
4347
169
8007
7794
7210
2250
5873
3638
3834
3887
2362
5019
2973
8263
6885
2759
7515
6229
2001
8865
578
632
8318
8540
6512
3346
5786
4561
7883
1253
2284
4701
2962
2400
7844
7164
8487
3470
3572
3956
804
4684
496
4020
3356
7441
2309
5537
8858
333
764
6053
4916
110
3781
8935
1924
3728
3324
415
5137
1049
2446
3799
1779
936
6680
5114
7453
890
1885
3280
1238
8786
1017
8753
7
8258
8908
6928
1593
5781
7827
4480
1710
3523
3028
4522
5326
8162
810
8464
7678
4605
2695
5389
4873
2706
8312
1611
6550
7386
6260
2222
4368
2965
3818
6990
5932
2095
4729
6201
3430
5513
8419
3286
3774
7406
5860
1950
3648
3765
4518
8127
81
5406
187
3038
4694
163
2201
7069
879
4917
3021
5059
532
7964
4946
1120
5606
8405
4711
4004
5747
7683
7176
3823
5727
8409
1124
2332
5331
5345
2376
7388
6498
6150
7085
4737
5135
7398
4134
7324
3269
62
7755
1376
1283
6129
7142
8105
6834
1295
1434
7896
7302
6778
5094
824
6650
7303
5925
1323
8559
4402
4162
1998
5292
2698
170
8979
5887
2611
8495
4301
6405
340
6490
3322
3719
6115
6164
4790
2896
7602
4445
1406
2127
8641
202
2628
5304
1744
492
153
8326
7370
2128
2754
4622
8776
7940
3557
2147
3081
6213
6941
1467
3778
3426
3725
702
5854
1518
6557
12
6677
3428
7991
674
2772
3046
1250
3487
7559
2352
6478
3609
1118
8210
455
1054
400
727
6041
3372
8941
470
1241
2745
1539
612
5925
6491
4146
6487
1271
3985
3225
3551
6747
5934
5799
2144
6496
4561
1871
6965
5049
789
2811
5533
7236
4715
7395
3657
6138
656
2816
6088
6242
1500
2381
1483
5020
4165
1982
3992
5481
1363
2899
1558
1431
4543
2861
3408
8077
7093
8619
7333
391
5045
6144
2469
7458
8027
3699
4110
674
1310
2123
1357
8017
8573
2084
4580
8251
6842
7901
3534
1468
5890
3760
7113
5503
6157
68
2077
1901
3249
5702
1516
6984
3088
5749
8343
1256
1473
2957
7099
7334
7726
648
154
8138
7483
7772
6679
3088
7409
6789
2633
4665
2572
499
3702
628
4711
2277
4584
8740
4694
2758
7008
5976
7676
8548
286
940
3202
4675
7927
6527
938
3734
7970
7381
7839
7625
4857
3942
1653
6166
4268
6481
1104
6315
2840
3078
3286
4004
2810
4873
8325
5387
8189
3547
4213
8744
5945
5512
7604
5347
3890
5943
1175
2056
3995
7397
3413
692
1358
8409
8452
7674
3425
948
2898
3518
7156
7302
8016
7778
7132
4757
4218
808
1872
4979
8835
1569
6880
6879
1886
3312
8360
7070
6229
8268
3627
8145
1721
4601
573
1840
5192
4416
4758
7507
5947
7946
3788
326
4476
2186
3842
8955
4946
3103
8375
4152
5762
8694
3360
1275
4193
1956
8059
1769
2088
384
5590
5435
5544
8034
6669
5622
57
5440
2352
5322
3553
4294
2448
8087
1011
2099
8044
8898
7604
1872
1064
173
1682
6063
2125
4053
5741
7469
547
4283
5095
4387
1628
1203
5914
2483
106
5484
965
5823
6262
5350
7875
6568
527
1783
1965
6504
2467
7113
2198
1329
3985
8763
424
3209
3736
3562
1188
3442
7516
4655
7669
1285
4339
593
7662
2802
7576
627
956
4634
3354
1600
6005
1140
4254
282
1706
4924
8082
3892
4139
6350
554
1483
5787
2716
8089
4310
2486
8024
2568
2210
694
8256
7320
4852
4368
944
7391
7431
3319
4926
6756
7395
3483
1579
5453
8318
7862
566
4917
471
1658
5346
596
3487
5201
7485
8657
1230
2254
6056
3219
5783
1434
