5000 15799
8
3962
4906
2937
170
4630
3748
3379
3207
2299
1164
207
3073
4890
652
3203
289
4447
4886
10
3562
2408
1736
3052
1781
1903
4299
1016
1477
2935
2729
2800
2022
2663
109
3795
2864
4310
4969
1265
4927
2303
4918
1238
3665
4043
4649
3765
4448
3531
305
3481
4882
3047
2574
1145
739
723
977
3723
2535
455
1783
2760
4112
651
4346
1260
4326
2424
2922
20
3308
3661
2382
2259
4333
2535
4458
1259
4212
1728
3184
74
2208
130
1915
831
1258
1316
2979
4410
3116
4773
2528
1351
190
3235
1893
785
2404
2754
4392
1343
4105
1570
2309
3843
1477
943
3581
2081
2191
4330
3089
163
2740
4532
3242
1079
855
1032
2522
740
4989
4521
1535
4739
3860
504
4802
2875
870
4337
2083
2944
742
2848
1130
3879
549
4965
1545
4131
1253
1117
4791
1367
4352
4697
457
1310
3895
2853
2488
2573
2838
2494
4192
4640
4121
4059
3888
1312
3368
4861
4953
979
4288
4669
501
3661
312
2716
2695
4473
3664
534
3300
361
1879
4913
4932
2840
3620
2124
3723
4309
3100
2953
1082
1698
1530
3817
2418
4269
4931
1775
1287
3913
2062
481
1130
4571
581
4346
2084
1149
3428
1443
2779
4862
1119
2080
2684
643
4573
3360
3192
891
564
2161
3559
1052
1142
1328
754
24
2740
1364
1616
4343
1819
1581
4334
2507
1301
3484
392
637
3160
1693
2228
1928
274
2853
4205
3389
4388
3334
1334
2751
3600
738
181
1767
4722
3725
4837
2561
2905
2515
4214
4826
2788
1104
2254
4447
2063
4975
1304
2923
667
2735
878
4377
1787
3840
1860
2048
116
412
2097
4585
2547
2849
513
4514
392
4913
4581
513
3653
4443
740
143
107
970
4012
1510
3019
891
1623
1856
674
3529
2099
3878
1346
2683
1649
1874
4202
2528
1532
2718
4164
1127
2599
3845
2719
4570
2078
1307
2104
4938
2738
2773
3667
1109
495
3970
326
4399
611
1446
1576
1598
4827
1959
1898
2247
3248
4709
224
3140
4223
2195
1379
479
3308
2397
2065
4149
1049
3459
835
2214
2636
3062
4851
4362
2407
227
3600
2308
2011
2477
873
1006
692
4381
3868
1979
3949
4786
3047
2328
4384
923
1284
4306
1450
2801
4836
2434
1739
651
2114
4866
4612
4206
4513
3045
1931
199
4532
3993
251
2432
1649
897
4562
1445
3348
2224
902
2072
2416
2205
2676
4971
2808
2897
22
1457
3001
4129
1046
2183
2733
4350
1704
686
1936
4580
2388
4865
2196
3150
4079
3378
1628
2853
4174
4517
3575
4888
4344
974
3294
3159
4139
2052
3527
4168
2832
1220
3935
765
1785
179
1253
4334
1749
505
3782
64
4137
1668
1578
4740
4684
3139
4180
3346
4966
4677
4353
1080
1673
2868
3019
4099
2417
3311
2666
2111
1685
408
3000
4963
2743
3937
101
296
2289
1380
117
1556
4922
4046
3469
1675
2070
1982
3524
1303
1157
942
3680
2787
2359
2876
30
2178
4591
461
395
2696
2956
2390
3306
1004
497
2292
62
2699
2975
2599
1036
4366
4452
2575
4983
1313
433
3060
3624
3356
2922
597
3640
2684
680
4067
3334
3506
3974
1166
60
1214
857
3279
682
4067
1660
776
1587
1758
698
3026
96
1714
4154
4524
2659
3553
969
413
2198
3164
1415
2771
2765
2772
3723
1520
4836
210
2198
611
600
272
3562
2637
1025
1480
247
1906
816
4534
2049
570
2083
2261
2931
4543
1863
2896
3599
2444
2071
2082
2454
1520
3538
1804
381
2435
1264
600
4729
4824
4044
4469
3620
1588
1471
1213
4388
1101
859
230
3802
2619
721
2814
3151
1329
3721
1311
1350
3764
3494
2260
2067
2823
1304
363
1169
1568
4105
2241
2991
2382
4542
3091
3413
4835
4002
2061
2651
3710
3596
2632
3683
2445
3721
3526
3171
1204
1716
1729
4427
688
3123
1844
4735
3620
518
4156
1846
3932
391
4107
2300
627
3501
2217
1034
4960
864
4418
598
4299
2599
2881
3084
580
931
3881
1184
3138
1520
3935
2691
2954
2180
411
3151
4592
2446
4852
161
1737
3034
571
4226
4557
977
1486
1380
2969
4978
4862
3481
1940
805
1689
3601
925
4613
1785
603
1864
3853
3185
2392
3618
1758
1261
3983
421
1734
74
3992
4431
3492
4140
3102
257
4313
1260
1481
4513
4607
3990
3358
1418
3899
4481
542
869
1683
3418
4886
4518
1124
2592
3462
4242
3501
1267
2807
3935
3783
3231
3882
245
4191
3286
483
104
1551
4214
600
3456
3083
4495
2665
4958
4044
512
3451
2301
935
4628
859
1180
1943
578
700
1762
1902
2321
1660
1713
1602
3021
2167
972
4611
4882
3019
2727
1091
1440
3936
4844
3113
2439
3893
117
1165
3486
4821
3946
2012
1309
2680
2440
3452
578
281
4590
4095
3099
2497
555
618
453
2767
2968
2936
2938
3616
3390
4864
4803
2257
3195
2562
661
1528
4049
747
2861
2140
530
4814
1103
4372
1218
351
2061
734
1936
1354
3423
4026
3470
2511
1937
645
391
1623
2624
3639
4832
845
1195
1288
1115
4971
3947
456
900
3664
180
767
3448
1559
3720
85
3237
1361
3561
2558
1917
4099
3574
2727
2279
3496
2135
1399
2876
2103
3852
857
3161
2509
1899
2110
2454
3603
4165
1644
2433
3598
861
249
2506
2120
2415
998
3177
4701
3385
419
2276
3014
3341
538
3678
4341
1963
523
4226
1414
3944
4194
640
1471
112
2265
3919
1092
1492
1926
2546
3710
3509
1623
1515
4696
1377
1974
4326
1940
3809
4320
2172
1401
4671
2766
2694
825
2944
3517
4868
4965
378
2638
3671
886
3394
4706
2038
4838
3739
3565
2126
3832
2825
2598
2601
1291
284
611
3142
285
1475
2918
4590
4349
1675
4121
4806
1973
3015
3095
2717
687
2134
1395
2520
3771
3825
1995
3053
3755
4651
4407
3528
1376
951
2029
2108
944
1170
1033
3292
4527
2191
2730
2828
1432
3552
4861
3943
2765
247
634
4063
1652
4785
2153
2125
2539
1088
2579
4272
696
5
1763
3652
82
18
4797
821
144
286
241
3400
2524
2965
2972
4779
2491
1135
3929
1387
380
4193
797
3388
2533
3045
4235
4475
143
2880
1383
2089
4337
304
3069
4657
4877
2738
3419
1924
4697
2422
1383
3781
2644
1181
4960
4375
4733
843
3863
3595
1485
3803
363
4903
4499
2151
4658
3590
1896
1765
1782
3350
2780
492
4063
2812
4570
1317
2296
4449
2792
1257
1095
4295
4711
1515
4936
3505
3736
3141
2659
3597
2725
1647
4532
1967
1917
372
1631
1661
2418
2797
3839
1444
908
1000
320
4514
2948
4377
1854
2739
457
2503
177
2676
542
2090
4572
4275
3808
2917
3434
4874
2766
722
3734
3148
926
2701
1484
3551
2153
3430
3653
3540
4414
1227
2103
213
3488
853
4379
1010
4716
4325
3730
2746
3178
2261
332
2024
154
4761
3412
4649
1521
2547
3004
506
4613
3017
3511
3414
806
3097
1954
4144
2781
1397
3010
4540
257
892
1643
1538
2546
1799
1129
1952
4819
3595
3363
534
2624
1876
1410
3621
2200
2728
4431
1096
2298
610
3162
3777
826
2954
4223
597
4633
4845
576
1535
2520
916
142
299
4691
2586
3388
3650
1985
3659
3865
1738
4826
2518
3969
1422
4097
3619
1748
1701
957
2798
2275
3562
2608
2963
2733
1146
10
4861
2640
2217
4824
1784
4514
4435
1342
3719
4386
668
1023
1461
1076
1534
102
1991
3996
1098
2717
1484
2380
3151
3351
2391
1247
2662
4839
3734
3204
2179
1057
787
2896
468
2137
2037
1411
3557
4235
1349
2870
1005
3135
3287
3658
4
3903
1449
1530
4600
2940
3436
3870
973
1792
1649
2557
157
4267
2814
668
2657
4881
4743
2995
3549
2940
3044
3523
2091
675
1767
1974
1327
2293
4450
4183
552
4706
925
4391
227
1104
807
4874
3987
3450
42
2952
3303
3988
2199
2684
581
1677
3615
274
4548
4045
4162
2241
1852
3728
2139
712
3448
4157
2360
725
2231
1800
1823
4084
3500
4381
2333
2477
3764
4833
1885
296
3234
2477
2142
3647
468
4637
2457
1821
2396
142
2323
4008
3515
1182
4211
286
2754
2760
1165
4188
3496
4660
87
316
3331
4590
4214
2463
4784
335
3191
3309
3654
3069
3574
3022
2815
4013
4325
4854
1294
3888
2861
228
4374
760
365
4243
2036
4013
4828
565
2036
4934
774
3214
2260
1826
4363
4509
4277
4670
4848
2791
3406
4093
443
2368
2880
569
1704
4482
1374
1557
3625
2375
4220
277
840
287
859
4267
4676
2455
2184
82
4521
2406
247
252
1069
3030
4823
2270
3903
2292
2243
4530
3151
1284
1437
878
4514
4188
1628
533
3168
380
592
1596
762
3545
414
4277
4826
3073
2038
4410
3990
2730
3786
4857
982
2201
3486
772
4694
3027
537
2691
1182
1707
4908
610
3947
3022
2036
4586
1159
1774
3777
2436
2270
1707
1300
4965
918
299
3306
4269
2297
1970
3338
3351
261
4116
1361
225
2179
3203
2514
1900
3141
632
3968
3611
942
1250
1983
3546
2838
4481
1093
2194
1567
4196
2617
2314
4189
909
2500
3332
183
4249
14
291
4985
2908
635
234
4601
3988
4379
1657
3512
36
3841
3768
1468
3944
1005
4370
2684
2295
3249
4749
4908
1182
4710
3429
1788
3735
592
96
465
2027
4900
3096
1575
334
2361
3542
1387
1527
1340
2370
4318
3162
4738
4593
4299
4966
2660
3637
4127
1976
3504
2
2521
2075
3134
2118
665
3229
2629
4226
4512
4416
4899
4993
2954
3023
3435
314
3934
3921
863
2135
639
284
4936
1405
3895
438
3876
3451
2900
1716
725
4861
58
1422
3611
1155
4741
104
3069
4072
1975
315
4416
4194
3093
2424
1738
4311
4170
764
2910
4496
884
4976
3414
4710
3444
3947
3976
403
2324
2990
2889
4489
2898
938
2155
372
1599
461
3348
4566
1565
1648
727
4227
4129
2131
1352
531
1534
3390
1596
3486
2378
404
4689
717
1780
672
587
2131
2487
3466
863
1259
3488
1863
2627
4237
3625
1760
2703
2573
4165
3543
1660
4528
742
4809
3217
622
738
333
1247
1045
1538
1257
3556
3939
2659
3922
4718
1868
1657
2380
3675
3829
2766
4021
3350
1795
677
420
2322
1831
3960
3845
4611
4834
1176
3181
4701
3537
3227
3871
224
257
4822
93
4560
996
3653
1785
3026
1871
775
121
632
2443
38
164
4849
1001
224
3636
3290
522
903
3997
458
4594
1010
2294
3111
1091
448
2182
450
323
1145
586
1346
2831
657
3242
4306
428
2837
3790
4528
1438
3976
1943
4625
1222
3578
687
922
1878
1022
3593
1775
582
2022
2431
3323
1522
4948
1930
1187
1913
1610
3330
2910
4618
378
2066
3746
4082
2875
2649
1121
2269
1654
1381
1306
1238
1052
983
1092
2876
1009
3672
1084
3927
968
1718
76
1611
4245
497
3899
2589
3677
3674
2403
4113
4110
4404
4749
356
2309
1241
1163
2183
3532
3694
4568
2228
2910
2124
4167
3552
4251
4583
4534
1091
791
4105
753
2596
4898
2498
4681
1347
1155
4256
1565
2393
2934
4673
1132
1057
4129
4253
4420
3251
961
3402
1040
3038
4104
2926
393
3843
785
3505
2848
1068
2036
1870
1008
1136
234
4020
2159
4235
1364
106
1287
4286
3488
1969
2137
915
4582
391
4170
907
157
2175
3967
3544
1922
4652
79
278
2921
4656
3399
893
2036
3942
4875
219
4602
3922
2268
996
2665
4225
695
4991
4234
4851
2197
4343
2165
2256
2462
4174
3550
3544
1163
4282
3873
1968
1411
3782
1906
229
3895
4716
133
4581
4130
4291
969
2601
2946
4220
3649
3225
3589
4369
1763
1328
2191
2957
3076
1985
3620
963
1036
3521
2997
3861
2685
299
1420
3512
3493
2719
2953
4676
2159
521
1971
491
778
4781
2846
4165
4925
3456
3818
1482
1697
3091
1204
4800
4275
1702
1841
1063
2377
2526
821
2623
1995
1674
4407
3353
904
248
3962
2534
3454
3152
1652
139
2417
1138
2642
1102
3065
2109
2941
4807
3745
4836
3746
645
4193
3523
3792
1147
4985
2384
4448
4394
2089
1657
853
3750
3314
3328
340
44
3821
232
1126
949
788
2282
645
3037
2022
2108
4012
1783
4356
3352
2598
1374
1238
1859
2702
940
3585
4842
2043
2215
2332
226
3526
1019
1315
1219
3850
3990
1144
159
3880
248
1538
1730
429
1986
2009
2920
143
31
3566
2382
1929
3445
938
3320
212
3549
4140
4613
4095
1365
612
1933
830
2052
2274
4047
3425
3188
1286
2472
4916
516
3954
3131
4951
3546
2795
2295
2732
672
57
545
112
3551
4502
1436
4034
3735
2521
1105
4224
1763
2792
4082
4264
4094
3051
193
2507
1065
2434
44
1825
3503
4579
2713
4232
2767
3296
642
4003
1593
4420
659
3851
557
2285
1882
3539
1160
3821
3098
2916
3129
930
4193
3197
4966
5
407
222
4655
2370
1706
2164
2535
4447
3198
4154
3668
4362
4622
1909
95
505
4087
2282
3234
2225
735
997
3337
2609
2269
3786
1876
822
1897
4418
2397
130
4539
630
926
3690
708
1567
4534
4528
1782
12
1067
3666
3803
1691
3796
215
4694
971
1731
4015
1687
3445
1644
2690
1306
1465
4365
3921
613
2155
2395
2777
1575
229
1717
1064
4127
4769
177
1494
233
2042
1063
680
3493
597
2047
1580
2042
97
4495
4257
947
3511
951
852
556
1385
4920
4672
4196
4006
2323
2838
4499
2033
2623
581
70
4815
592
898
2805
4631
4231
1874
2543
3347
3898
1155
4342
4057
1238
4095
2957
4678
1889
2470
4052
368
1342
4690
4755
3348
2996
3732
3337
2902
1114
1803
4442
2683
1688
3766
2227
609
439
2453
3086
1636
3195
3616
4600
2471
1716
2260
4412
4213
231
1975
3407
1397
1734
4157
4246
1997
2960
2981
3104
3288
2096
3629
4221
633
2385
201
4719
510
4038
1201
1586
782
3608
2982
3227
2975
1484
1754
1836
2373
2464
228
3840
4940
203
4789
1023
4191
4471
342
911
2030
2497
1852
1584
3439
3953
4781
4105
4873
616
3939
4669
3634
3880
772
2203
2704
2994
1849
3508
2319
4253
3530
994
1156
346
2343
4919
661
4283
4788
1128
2046
740
4567
311
1338
2902
1266
3843
4898
1634
1463
334
1152
4304
1488
2019
295
4048
225
3531
1533
2388
1866
538
2821
4020
4238
4983
4485
4177
3955
1742
1700
1109
4676
2630
4648
2714
2695
1756
4072
1343
4911
3579
1653
570
553
1077
386
2829
1066
312
2786
2087
168
1979
1441
2200
2720
1515
1460
4033
87
3280
2313
521
2305
2496
2560
940
69
1680
3610
1333
907
1273
654
3024
3804
1253
3985
632
831
1268
2147
156
3017
2744
3423
3433
3227
2098
559
1454
4324
3800
3676
2237
3987
54
1113
4877
1122
582
3672
4528
1988
1789
771
212
4196
4770
3487
996
1371
1779
2194
4472
2424
979
2328
752
2259
1931
598
546
4299
1164
1912
1248
1494
4650
2162
2847
2543
3914
2895
3249
332
208
2689
930
818
2775
4825
2406
633
4645
1986
546
550
3327
4460
3417
4454
1462
2632
108
3489
4026
1208
1211
2717
1219
2355
363
260
438
3524
4457
1120
551
3421
3574
4319
1930
3712
4099
3557
2411
2749
4166
175
2366
1385
2464
4973
3949
3068
4378
4733
1881
4226
893
2889
2902
2098
3845
2680
4918
3875
587
3275
3218
3163
3580
2093
3461
4080
3090
376
1300
131
2524
1301
4140
1663
4490
4984
4090
2661
4091
4047
311
2943
3768
4477
4550
4790
1497
3463
4533
3238
669
1326
4291
3341
509
4871
1258
3436
626
1811
2274
1580
854
4445
3985
3556
1831
1227
3856
4487
2577
2496
1803
1892
3072
2468
1072
4913
1500
4404
2222
4548
893
3712
2060
708
1100
931
1126
714
1501
1458
1739
3070
4061
2293
1877
1449
190
3074
1747
2766
3780
2954
3063
2694
1226
1935
2949
3511
4223
3788
3128
229
3741
192
1456
1977
2326
4575
3421
3378
4455
113
4583
3088
2642
168
1246
4920
516
3247
3248
3445
4102
543
4287
1405
222
2610
121
63
941
3317
4532
1019
973
1112
2618
1079
1182
4017
2561
1329
1274
1579
2767
4643
2670
2364
2621
1224
2901
3887
285
4331
3835
4046
10
797
4339
2422
4579
4218
615
2530
1541
789
2016
2481
3585
4315
1845
4219
2149
3113
4284
4382
459
198
1933
577
266
1027
4509
4023
493
1885
3427
2858
4261
1275
92
851
4388
1489
2329
1459
4729
2689
2165
1896
2129
2868
1906
1074
4425
1437
552
2708
1497
3849
4530
3141
2125
3441
1528
2889
3364
3762
267
1013
846
4086
394
4770
96
3360
4204
2606
2374
3732
898
3817
264
1396
1953
3515
403
2308
1042
4323
3084
4143
1631
3051
681
1550
564
1567
4818
932
2566
3685
3815
2693
3932
3557
3288
3306
1299
2862
311
3407
4829
1542
4521
4402
2144
545
2541
2062
882
816
3089
1737
2972
1811
4116
2168
2803
2649
3603
74
1219
375
4739
1482
4182
1622
1666
473
110
3518
1498
489
2272
4742
1873
1669
348
2663
4054
4337
876
3962
61
4617
2507
2674
4704
3887
4476
1791
1575
195
4838
1328
1293
4546
1824
520
1741
4585
2236
941
1697
1509
4778
3899
3071
4573
2192
4954
899
1551
2873
4120
3712
1741
80
182
1129
4961
3273
1656
2656
206
492
828
4147
4121
3871
4432
3772
2862
2400
348
2948
785
1209
62
2431
4933
3707
723
4751
357
2504
747
4578
4681
1060
3743
4824
2063
3891
4057
4590
3148
4131
4463
2834
500
3569
1829
61
1742
2933
2988
407
434
3491
2371
1287
474
486
4303
2403
892
2708
1307
1604
3147
3969
1237
2676
2097
3385
712
1002
2924
994
948
2090
2962
3520
21
2832
3601
1015
4973
3490
1979
4254
3607
3638
1833
1802
2054
3536
1743
3986
1050
3352
2048
4811
3630
1438
3372
533
4006
2384
1797
2986
1212
1773
875
4497
798
4938
658
2637
227
4103
3518
4417
2928
4335
1826
4955
4953
3523
2498
633
3577
4704
3229
3342
1764
2729
2339
2747
4511
4142
3234
3283
2196
4715
1729
517
1873
3346
536
867
3205
3265
4547
631
3353
3644
2315
3542
3063
750
170
1049
4839
3460
1570
2195
4890
3931
512
3780
2118
1547
776
995
4111
1062
3647
1078
3769
2704
3330
367
2225
1299
1522
4366
3747
347
1921
866
4614
1246
876
639
1945
414
2338
4235
1583
2420
2889
1334
3511
4208
2936
4137
238
289
869
419
184
687
457
1472
4179
403
277
1291
2823
2094
1186
2702
1109
2338
4383
3897
635
1312
3720
1842
4508
4240
619
4848
1865
970
367
1429
2979
194
2721
54
4699
1865
4537
4178
1783
2062
59
1699
3840
3089
468
2618
2013
4436
1606
2808
1918
4993
4323
4647
4520
2938
201
3455
4138
2100
3748
3041
785
1866
3305
886
2804
3469
4819
4143
4671
4485
3258
2639
3453
3979
4588
952
4392
4444
2591
3743
4537
1349
2320
3030
2309
493
3467
687
2837
3909
3050
1746
1712
3111
1270
4246
1265
3361
4958
1087
1968
798
2186
3770
3953
2048
2759
2226
1343
4698
4984
1713
2925
4570
3038
2709
3335
3895
380
3314
83
2959
4760
18
1865
3301
1101
3414
3823
4494
4223
2189
478
4930
1242
4271
1257
2669
1690
1761
471
1402
1742
928
1797
3346
2893
677
290
2952
1539
4727
4857
2822
2200
3520
1608
3265
4337
1710
1243
1753
2270
3210
2039
2159
3961
2677
1564
327
2694
1991
187
127
418
2388
1136
4899
1090
3070
3289
4409
3450
1886
1176
1008
3080
2076
2975
2114
4781
4302
2824
4202
2708
4463
4211
2907
1775
3438
50
2953
1793
4950
3804
2755
181
1438
3059
3741
2308
3688
3078
1612
1460
1768
883
4148
2519
828
51
614
2243
2691
497
110
4610
2247
2397
1390
3658
2455
3294
1043
3155
3491
4102
4418
2826
3140
3556
3138
1086
1761
2481
246
1361
3029
3053
813
785
95
2678
522
2893
4433
1155
4771
4447
2655
2334
4491
4358
3517
2820
3936
3112
3316
4315
3430
723
1049
1699
1923
1944
4399
3014
190
2540
362
119
4276
4866
1294
2827
20
4239
2741
3671
1611
4302
2389
266
4815
3199
4573
3843
4018
3329
1750
3593
4901
3553
4239
410
779
4142
2412
3999
2397
924
3016
669
3526
2868
4341
2422
920
427
4865
1734
2270
4271
1655
4076
152
4650
4599
4475
2663
2114
3692
4586
4302
1279
1835
4234
4685
4022
1607
3634
2073
3928
4354
1717
3270
2403
1013
579
3291
4219
4923
1324
1970
1922
4129
4262
3561
2501
814
4950
2762
1988
2726
3537
3237
4641
2920
3394
2997
1821
803
1083
481
4076
1419
3202
2817
985
582
3917
3453
965
3515
1393
98
2624
2291
4130
3964
2850
2472
2205
576
3733
4604
2620
4252
4229
4070
241
3485
4385
2856
4181
1170
709
2749
2631
357
4035
3258
3575
4597
548
1695
485
1143
527
4907
400
3961
2258
2309
709
1264
4871
4312
430
3262
1115
859
3935
3361
1483
2220
202
986
4854
2739
3028
2867
1063
1148
900
1553
2845
4229
4338
3636
4134
562
2618
1084
4365
254
4064
63
121
1598
503
945
3609
3917
3274
2063
699
2717
83
642
1681
160
4782
1800
542
2264
1939
3581
4028
1329
927
603
1905
4632
2355
3911
4268
4082
2802
2002
3158
568
801
2585
3060
4935
1978
2225
455
540
3741
3251
848
3757
4289
1241
220
4713
818
617
2008
1457
2275
2716
2060
4696
3338
2836
2949
3796
4854
567
2807
89
1770
2689
1186
411
106
4269
131
3062
1512
2109
667
1821
4399
95
1069
4592
53
777
4756
4135
1394
391
1299
2493
3770
4513
2833
4256
4138
4505
2922
4289
3548
2359
1214
92
4975
4573
3324
1619
4453
3100
4219
889
3498
2020
4314
1928
93
1777
2046
4895
534
3805
3046
3212
4212
3781
780
3873
1682
674
1872
137
2554
3266
109
3741
1801
4625
2530
1116
1528
3202
413
1553
2746
1670
4208
1170
4632
4337
1404
3437
1483
2437
2828
4912
1476
1727
2687
4357
871
858
4769
557
684
312
3556
2818
165
2549
3559
2288
893
1432
4845
2199
2270
4931
1755
333
4409
1846
460
3596
1627
3758
4270
81
1932
3977
875
128
3848
2802
4805
1169
651
2895
3577
1488
1145
4775
2197
1733
4772
4724
1625
4693
4774
3102
1144
1869
3539
301
839
4681
4983
402
2880
3978
3794
20
1708
1642
1283
1265
2689
4712
408
4488
696
3638
3099
3718
1345
4979
3095
894
1108
1102
2751
11
4803
4091
2594
1470
1072
1556
59
4555
2039
4373
4231
1630
3359
2179
177
1124
3933
4004
4595
2082
4258
1366
3986
4969
2666
4349
3646
4461
291
3520
4620
3415
2830
3122
3932
1945
2032
1894
1379
4017
4447
3620
4485
4551
834
2950
634
325
3265
1242
1935
4373
1022
1848
3421
1894
1119
1295
2618
473
380
1697
2072
2441
3514
181
1919
2583
3538
2602
3226
808
2769
331
4057
4274
806
1935
4093
3902
771
4204
1570
2680
469
687
1987
3906
2353
4715
4198
1747
1118
2691
3481
1264
811
3480
2763
4565
3535
1085
3340
3117
82
635
4492
330
4347
4190
2878
1015
1545
4052
2873
1906
3283
1659
4218
4803
3272
718
1877
1647
3871
2257
745
944
631
4236
2585
4253
2026
2155
2062
3069
1501
3028
3673
1073
1794
1296
3004
3442
3919
1976
4791
505
2690
3126
2666
1074
65
3427
2801
1194
3079
3034
2553
4571
3938
4380
1271
1590
2951
4341
3866
3550
2005
3978
4427
3194
3889
1220
4927
4845
4653
4419
4247
4005
1508
560
1565
3948
2720
2385
2953
1787
4301
3222
1537
4143
3115
4158
3490
4095
130
2589
2339
2462
2082
1631
4567
4024
2067
4707
1983
859
4549
316
4265
4523
2274
1768
2983
2603
1916
4355
3481
540
3205
187
3571
4567
1924
2283
2256
1945
2170
2019
4160
2290
4345
4802
1435
4547
985
250
1670
2609
1728
3078
1280
991
4009
1238
193
4122
138
1520
1312
931
598
2423
1041
519
3223
21
2391
1322
3059
2037
1607
1988
3831
1276
2190
2688
3247
1057
1581
2445
1367
44
335
4567
1033
538
3721
2325
200
4495
1933
4479
2475
2780
2619
2627
3145
4363
946
1278
1563
3802
3280
278
3294
2998
4561
982
3449
3098
515
1079
3140
1263
3392
178
2860
3485
662
3225
1391
2690
3478
2940
932
141
375
4346
4801
4653
2447
3964
1133
1831
1016
1894
1970
506
1720
175
1002
1004
4222
4986
1348
4463
443
4022
1152
2219
3651
346
4280
1168
3238
2538
253
3316
2686
1029
1166
4762
1336
3207
1497
3772
456
3590
4517
3788
3891
4933
1823
4114
1971
2758
2102
3772
3573
1811
4801
618
2188
1289
97
3976
2561
1898
3362
1589
2019
4051
1417
4369
401
4419
2236
152
2882
2397
2712
2521
744
3881
4589
1854
3717
458
422
2274
1782
22
2791
288
985
2667
3818
1541
2707
1261
4735
893
1283
3845
3315
1082
2463
4343
3280
477
3685
1564
2705
3146
2839
1109
626
763
868
2525
1081
3213
1979
1132
4204
1947
1666
1477
3577
729
3413
4478
344
2886
1163
4812
624
3122
4884
3448
279
984
522
3564
3086
3969
538
3167
2870
1822
2758
3632
2116
4509
2572
1980
1998
4776
4362
262
3351
887
4182
4471
1566
2211
2800
283
4169
3620
2967
1644
2060
2075
2213
577
1013
4138
1351
4192
461
1155
2180
1817
877
1219
1586
1558
2922
2055
1990
1272
309
366
221
1405
416
4581
525
2069
3586
244
1503
4845
4890
1555
1721
4968
4117
3097
4645
2672
2616
1282
2598
163
2020
916
2292
397
2853
1555
2333
512
1682
707
2277
2950
3738
3922
4270
2044
2722
61
491
3734
57
2500
4088
826
999
2651
4234
1308
1499
4590
1905
3172
3011
2523
4774
3979
2022
4027
260
3754
4700
4815
2562
2979
2080
2194
125
250
4282
277
2318
3384
4481
1808
4302
813
3111
2134
3393
4763
998
4275
1499
2418
3716
1559
1320
3089
1321
334
1557
2417
4585
1006
1213
1089
565
1818
3440
1495
3479
2340
1826
680
2258
4672
881
1505
641
4130
1676
11
1022
874
2658
2056
1371
15
2070
3031
2664
4508
2350
1865
67
1701
4018
3955
1282
3073
3724
3303
3535
1246
2916
2398
2097
839
3917
1568
3204
3617
1677
2620
3595
1758
1016
3176
1106
261
1745
2687
2072
4200
2823
2410
3523
4625
247
4791
3572
2314
2372
1311
1580
3363
3578
1284
638
4023
3653
1672
1136
65
2083
549
535
3423
3763
1711
4454
3675
4340
3374
4507
1568
3603
1963
4650
780
3018
257
1616
66
2290
4765
2629
575
3469
1127
4996
2251
627
227
3614
2892
1007
3927
4991
1547
3184
548
3710
2982
1425
1001
4915
1004
3749
3375
4197
1638
4210
3451
3245
2995
3779
2287
4189
3297
4647
809
1957
1912
4810
2555
4666
4014
2516
3827
462
4517
1392
4546
1564
4547
3259
606
4399
1398
3183
4776
3924
3603
2533
2089
2754
4000
4105
483
4392
3618
267
4519
3921
4551
621
3029
1513
2000
1853
3764
1037
2603
2311
4500
806
2146
1275
3695
528
435
820
4897
1603
1699
3987
1911
4997
1131
4937
1211
582
3170
2874
3111
2189
2338
4408
3847
2222
2939
3833
2276
4519
2869
2093
623
4362
2902
3370
2624
4459
2761
2229
2921
3697
1666
642
3670
3918
745
2576
2295
993
1713
2146
4567
1413
2811
678
2073
381
3316
599
2690
1658
4539
1709
1657
3120
2814
4549
311
4991
786
4708
1858
963
3809
1317
2619
1397
183
2902
3560
1987
2841
1859
1729
1449
4390
3408
1063
4203
2736
2137
1759
4254
1041
1162
2094
2264
1231
4445
1520
4436
1157
2176
2904
3339
1020
4944
3161
4629
3271
3030
3229
1541
1368
3401
773
667
1648
2467
4733
633
4972
1517
320
1625
3689
118
4351
1677
2627
3589
3458
4468
3185
4015
3174
2881
2638
1
4763
1661
2195
1976
3237
2788
4404
324
2754
1415
4436
2232
4913
293
3397
4007
873
4436
1772
598
3579
2317
4734
4786
1153
4390
3751
1014
118
533
3093
3171
522
4558
3406
3285
2865
4446
3054
1057
2917
390
2749
4856
1808
3415
220
2847
1318
4916
2049
809
795
1109
3485
2726
4847
2073
4677
3001
1081
2413
4854
2812
387
539
1772
1042
1452
4333
1135
3923
476
2047
686
1359
2281
2947
3681
2938
2918
3364
3119
4185
1074
3221
4266
2936
3900
402
3285
1506
3204
3355
4084
1685
1192
3784
469
4142
3802
1247
1938
3701
158
396
4309
885
2259
3475
1086
634
1679
4838
160
1953
1144
3964
4760
798
81
2385
4954
2356
1946
4883
2540
2060
572
1932
3825
4890
1250
3610
1930
2480
1170
844
4747
3294
383
2810
4461
4512
3861
1128
880
868
579
2206
3619
4832
449
3060
950
55
2230
4414
375
4896
4351
2597
171
3726
4905
4548
4931
2419
4681
289
2476
2891
4032
364
592
4650
1163
1762
3423
3869
1090
506
3197
72
4148
843
3196
1301
925
2087
1213
873
3213
3381
4339
3605
1965
1099
3241
3289
2153
2106
3329
4390
533
3221
2007
4714
3543
19
296
3423
425
943
554
1515
385
2540
4248
2976
3662
232
