15000 45828
2819
7712
9358
4111
816
11635
11468
5459
3191
3184
12262
5441
2128
4740
6428
4776
180
8193
12680
10448
12585
4973
8086
4040
2431
6607
14789
5168
3469
3911
5127
14859
6165
6187
10305
8455
8384
5669
12868
13589
14931
5161
7622
893
3961
14366
10149
6247
2094
12505
14984
13551
3635
12897
2719
14320
9904
1549
14989
10976
3681
14185
3241
2333
12148
11176
8741
1411
14591
5794
11656
7039
12113
186
1201
3177
3874
5887
1478
2639
12002
10394
3067
6539
11266
8000
11605
5803
14330
1444
14628
3802
1495
10689
11384
7508
173
4162
2466
3391
2723
11740
14029
1508
12957
14160
3462
950
410
4558
12311
6022
1219
11908
4690
5306
7101
9486
10738
11850
3751
8131
10000
6064
8695
5537
7783
11801
10958
2558
5429
7438
12762
345
12434
14793
5881
5689
72
5270
11865
9658
6283
5899
627
1789
13060
12769
14987
12779
4722
10593
1103
2759
6552
2366
9949
11459
14830
530
7367
14001
13064
7034
11408
6482
1698
7012
1744
1140
5217
5553
13277
12315
1563
6152
10686
10538
3229
10676
2016
1715
890
9355
10502
8787
14402
4298
1743
11696
917
2022
7901
5187
12676
12387
4887
9105
9907
8430
866
7712
5632
8502
12296
14927
3848
1217
3072
14250
4889
6751
7200
6772
10388
10749
11447
10118
1729
4079
10976
13228
14771
330
2914
7238
3369
14468
6684
8258
3471
9056
9878
4057
7829
8481
5615
3950
8307
12840
7702
7193
1575
7606
13373
5947
4524
11174
6330
10781
4283
5719
6263
13135
5225
14174
10389
13058
11004
13051
8538
5315
9185
4904
10527
3945
9266
3214
225
6202
6561
31
7220
5221
4947
6249
3223
10155
14828
2076
5483
6230
7801
1123
194
3154
12721
7136
1077
5335
14345
11502
5555
12484
1360
647
2742
7553
829
462
4247
3634
3016
7941
14321
11982
1630
6678
8227
6114
4159
14520
4637
12210
8459
8180
14997
4351
5925
4465
14149
6063
3432
7722
13243
8040
8654
6668
8171
6346
5355
4739
6206
9671
7734
13584
3644
7905
6400
13280
1972
13649
8956
11703
13109
7826
5262
6138
2272
5998
903
9265
8882
6494
5477
376
1055
9898
11443
3247
8532
7710
5166
7632
4685
10846
2042
2444
12583
117
19
2503
550
1275
8365
5079
4505
14890
13955
12756
1451
4995
1537
7763
4566
6166
3871
5461
6869
10137
7868
8023
7875
8933
7214
5838
5320
3641
14520
5886
9779
43
10442
2006
8718
6908
11580
4261
5322
12573
6677
14068
14531
4546
11458
14739
4861
8377
14529
6950
6398
6946
1467
11575
8435
13025
2833
6901
11190
11325
8279
12014
9250
11721
5759
12752
4916
13682
11593
14399
14738
14783
2309
5686
6404
1944
1744
9590
1672
4318
11531
4813
14815
6890
13513
4840
8186
3303
1201
2741
4714
10959
11691
8836
712
10487
5014
9744
6498
1576
7771
11592
7367
2709
5376
4374
8474
11100
408
3734
10555
6027
7966
4189
7645
8737
12435
10435
3915
9869
10283
6639
4973
12300
6715
6257
10019
1896
9133
14520
11583
11876
4841
5049
6088
11297
6918
9082
5704
6961
8951
9814
12005
9136
12892
74
4225
10862
13445
3630
13741
13559
5159
8578
6346
5203
6644
12054
10442
8221
608
7709
7612
12281
5768
1172
11020
11599
12446
3855
2533
9401
7130
11453
9714
1990
963
11366
10566
9585
1818
3088
6351
1248
3711
9353
2374
5723
14876
5706
6828
7048
150
13576
2210
13452
12260
5609
2919
13413
14346
9960
463
6492
10064
8410
3168
10676
14558
14055
8648
13564
10935
1374
4244
7678
2572
11347
11908
11394
6875
4244
14814
10427
6850
10674
686
6179
10502
2096
9984
2194
5231
10510
11965
11921
706
12611
6596
6033
3114
9770
14993
3726
652
8182
12654
87
3958
7359
14629
11299
2002
5383
2976
8360
762
9715
12751
6512
3151
1562
14529
14281
1144
1618
10005
1006
7026
13333
10874
14288
4981
9087
11639
7245
13726
5101
8931
14821
5915
9327
7569
6731
7444
1870
9369
13538
12338
3824
7746
8003
5280
8136
8722
3912
5110
9076
7654
10575
11920
10215
9877
13196
14365
5846
1836
1922
6267
12622
5352
11458
8392
5623
1430
7417
6636
4628
4252
2815
6749
5777
3387
6728
3066
13955
13822
175
1598
12481
3598
1442
12200
1653
12951
4303
4724
6228
8855
7986
14641
9886
8314
14858
14843
696
13894
13379
10966
4584
12134
617
9380
647
12197
13020
1350
9907
7611
12702
12314
1370
6749
13010
10918
13711
3278
8991
9639
923
290
3607
9893
10661
11959
11028
14874
3365
4355
5125
13260
5925
972
10749
13308
1243
8079
10953
8459
3421
6533
12974
6870
4320
9096
12281
8497
14214
6686
10086
5926
3988
1662
8670
3015
14942
1537
14899
10284
516
6612
10839
639
12657
14297
5658
8374
2780
3975
3144
2158
1486
14707
5362
10513
10985
8392
13216
6932
9782
5624
8944
14866
8649
7122
3886
2253
2394
222
8225
8892
10579
3007
2458
7344
317
6570
10187
2428
1868
1679
1146
1695
5371
11520
5108
11139
4140
5345
13945
12348
13851
11285
6998
11106
13710
8821
4001
1557
6158
7558
3054
5037
364
2163
1867
1380
8651
4928
7867
4521
9574
5324
14812
13725
2101
13050
16
12639
14978
490
10826
11151
10272
14362
7532
3266
731
2322
2805
7330
2223
8021
1341
11079
14989
11893
10691
13900
6888
3621
2992
12919
4275
9119
5034
6538
4281
8172
8587
6050
5654
5930
11936
9454
5156
2300
12047
4730
7456
13531
12414
10920
12796
1171
10099
6735
14023
204
14343
6600
4163
8136
782
5232
9202
9595
64
14805
4109
5783
117
13694
4799
9130
634
13013
10095
10950
8822
2149
7059
14468
7223
5694
522
8150
12615
12210
6947
70
835
10984
4367
12080
9757
13012
12182
13197
7099
12553
9040
2109
4674
1189
9126
4194
5837
1002
12293
4065
4125
14784
10252
9889
2476
7128
10507
12027
11454
8975
4022
3908
13866
2332
1649
14178
7951
11168
1055
9860
697
8171
8194
9675
3224
8164
11735
8572
10871
9161
10780
14607
11031
9743
12830
714
6530
12325
14445
8669
428
7315
7194
477
14700
4920
6157
4492
12980
7109
12123
14128
4320
13492
2877
6287
14619
5853
6927
7813
685
1989
3256
7120
3836
12235
10009
5442
13124
14967
1703
1763
4878
5101
8583
9670
1158
4403
12472
3838
9891
2058
9884
7391
10621
8784
13092
779
7912
13210
11800
9045
1948
8069
13730
3657
2500
5703
1236
7329
10488
5305
14637
7267
3569
238
8154
5709
13183
8107
52
8469
7308
4713
1902
6982
585
1730
5395
10676
10020
11469
12284
238
1878
421
14650
10364
11720
486
11207
11646
11744
14393
5113
4968
746
1604
6857
9535
6906
9372
3636
8909
7887
5163
7315
12698
5375
86
14812
5272
7740
6623
3616
568
12364
12997
2231
165
10568
8035
11236
9616
10393
2845
8160
1769
269
2593
1234
5936
11162
10868
3896
4887
7788
314
13793
14438
2421
10796
13679
8191
14629
10723
2493
11721
6587
10643
9633
12483
11792
11877
7324
10362
3290
11881
11364
2232
4504
10603
2749
528
2055
6751
14004
5594
7391
897
3357
8200
6148
3205
3085
3378
3094
2818
2984
6801
8586
2344
11059
13461
3175
10935
6300
6229
10205
9775
14048
12194
14029
9092
8265
7046
7452
6392
7952
5224
534
1515
3198
1747
11219
357
4227
3605
6982
6096
10476
925
13993
7802
4621
10772
259
6182
9983
1593
8003
4208
11988
11626
13357
3496
2497
6767
511
1794
10102
13314
3825
9337
9565
9160
2669
8328
330
130
11789
8123
11099
10824
14988
3975
14055
1305
4204
7354
5535
1823
4695
766
7222
3219
3147
4107
12021
7341
3971
1161
5128
5912
11998
10644
1721
4177
11734
6206
7085
12699
5498
13598
13212
7419
10788
2762
4071
3591
10855
8401
1159
6661
11932
5041
8643
14535
13276
12088
12942
12280
558
12584
1131
7469
10340
1560
3326
13861
2243
5918
10401
8036
1394
1634
9661
12524
884
10320
2106
1381
12982
3948
1939
2202
8854
9023
7606
519
1993
4926
9949
6988
7221
13873
7909
423
4224
8875
9438
9893
13893
2375
6184
4385
7378
14379
1393
7043
6680
6642
12666
1499
14321
3470
8222
465
12567
4131
9357
5815
3620
7326
12484
10512
7167
2440
728
6442
777
13061
12546
3269
9517
7845
9875
1015
4367
7661
14120
7268
5157
11181
6772
1246
1748
7259
6490
2687
9463
14723
4683
5836
14394
12482
11014
8021
644
616
3233
7152
6501
12146
8920
14902
13556
1233
14228
9796
8655
2451
9397
11290
14256
1394
5345
2530
5340
14380
4918
12666
682
808
9213
8077
3582
3491
11041
5728
7003
8647
5723
6628
13545
8456
9514
14391
6070
2893
10294
4752
3524
4197
2826
10198
12544
13095
1078
4986
987
2109
13496
6712
1041
2109
7082
1497
14348
626
13235
1497
10457
4128
8342
4752
14032
228
32
1477
14301
13725
608
12341
5816
586
444
7445
12835
1223
10883
14366
10888
764
3756
4447
14767
2406
11741
14429
4927
3718
13230
6466
3127
4098
8007
8525
4353
11336
4812
8145
9537
485
10540
11393
14238
2445
7003
8405
11204
12611
11320
14724
5006
13116
8615
6308
4633
5761
10416
7691
7283
14884
3719
7354
11064
9009
2058
7446
7646
5213
11874
7381
6729
9850
2130
14682
6090
9920
11851
1261
14344
3938
9366
14851
11860
9453
3392
1957
1933
13372
13196
5747
888
334
12362
11968
14513
7573
3436
10242
73
13109
13450
9715
8010
5475
903
10959
8282
14569
14916
8561
7071
7252
2259
11439
6562
8765
13733
6204
10715
13676
9509
12610
9655
7175
12051
12509
3321
4854
10793
3615
5246
11428
9909
2021
14193
4543
13592
11229
1391
1642
14402
777
12567
11298
5946
9306
124
8717
13343
1398
4860
12529
12364
8843
10356
13521
10662
4215
1000
14423
8188
5703
6012
4398
6244
1126
4027
14549
7610
3732
13140
9825
5764
13495
458
7815
11157
7495
4035
10245
12690
2428
4041
3450
11464
13670
8788
3792
1582
2467
6175
197
2055
14895
14845
3205
5703
10255
3126
3653
10216
3799
3345
4876
2840
4256
14569
13725
3668
7147
13094
11539
6881
12037
3588
3410
2694
2580
5067
4999
10057
3668
11661
10858
14521
14773
5287
12559
1068
11849
1732
7012
706
3761
14407
1099
12239
9699
4567
13462
592
11880
10213
7143
13815
10777
1975
5740
5393
7837
5421
10122
660
4730
1242
9838
9373
11022
14131
13442
14877
12864
11986
14723
1058
4074
5323
7753
2860
1690
13236
6049
805
6722
496
6904
14679
12245
10739
2947
9514
11261
6431
3899
14860
5541
6576
6322
6658
10401
8148
9752
5692
4177
13636
3541
6247
3582
16
728
13987
7832
10245
1896
1556
8063
8312
1533
11224
2538
12056
6817
5462
9505
14666
10349
9058
451
1924
95
6366
14037
9257
9115
2695
9761
10543
11114
11546
4124
10145
2631
6178
12148
9496
3168
5615
7863
10787
1142
5869
6295
10117
14518
12577
1332
10474
10391
10498
1176
12320
11634
690
6315
14708
4941
13507
12872
9105
4808
4801
13894
8249
7065
10433
5364
11679
14913
2489
10201
11617
10693
1976
2
12752
6620
12893
2294
14183
11751
3070
9610
12589
1178
12006
373
1649
3496
6632
12352
3767
3754
14291
1827
4996
11393
3657
6264
3669
670
1523
1760
10586
10769
11340
2593
2033
8775
9925
7894
1100
14548
10432
3896
1244
10393
13907
3751
10267
3708
14385
14431
9812
10604
2149
5356
1887
6957
5118
11420
380
11891
4839
10568
4075
6205
7847
12339
5407
12208
2246
14474
5660
5028
14705
14065
2748
12159
12443
7542
4940
2845
8384
511
2972
2268
11022
1298
7580
8219
528
4898
12883
7334
12096
13502
12108
8515
13764
7752
9916
5710
5372
3806
10907
8721
12803
1893
11226
2689
6749
8395
14669
6480
2479
10223
8735
4665
8859
8323
7672
9144
5499
123
7080
6014
12666
14218
10992
7923
12936
2723
8409
5487
6341
8106
3190
11622
12554
5685
8782
10321
14126
1290
12177
11991
11760
2680
9984
2541
14173
12128
11851
4741
2321
9033
1542
13860
9161
13905
9386
1736
10734
2285
7147
8049
827
10201
730
1281
5644
3627
4795
12734
4488
10885
11004
9814
13632
282
3754
3204
8885
10340
6880
10316
9831
13087
3148
703
7961
2482
8826
4178
256
1568
14281
129
13591
5597
11892
1616
9678
10080
1038
9005
10192
2978
12892
1444
4100
11080
5927
1255
11500
4042
3714
8463
7341
5140
456
694
3226
4935
10869
11460
9600
12519
2312
3389
8296
7350
2489
14563
10724
8813
2391
514
2881
14510
13220
5253
14294
6467
10818
13708
5342
1768
3418
10175
12502
4450
2930
2060
8977
12778
420
4503
2597
326
5528
6167
14062
8554
12656
904
5923
12029
2180
10550
1268
4949
9687
14893
11069
9503
11594
7099
13931
7771
11791
4791
1491
8943
4486
9395
13793
6406
11632
6448
2568
2482
9367
258
13764
7319
1413
4989
7014
3398
1061
4751
14535
13367
5927
9156
8192
1446
9511
6594
7929
2375
8536
1054
8814
130
80
4927
12473
14075
8370
8621
12950
10371
9184
1671
7409
3180
626
11364
10780
8328
4940
9010
9114
3632
4382
9590
8281
8775
4560
4223
273
11342
3526
10814
3273
842
13890
8411
5029
10974
13140
14443
1096
8943
227
9215
9064
8677
4629
6146
3405
14259
6232
3822
14869
6981
10365
1323
11206
3086
4784
13984
5901
2588
8236
209
13841
13648
5775
14497
12991
5987
5782
5010
2066
414
3455
5039
11392
2447
738
2215
14231
895
750
5861
9960
1243
12377
11773
5980
9768
8633
2488
13454
3262
11573
9982
643
12977
7238
12540
14194
11273
6122
14048
12374
2989
1719
896
6718
11674
5
2901
11186
7330
14930
2819
14767
13055
3452
13561
12431
1059
3955
6656
502
14393
7822
9585
5319
10243
3125
14522
8306
8637
11126
4470
8835
8037
12795
1691
10929
2207
12043
2695
14883
4130
11164
10742
14837
208
13101
12795
9661
7850
13181
14
478
7892
14132
5046
12175
11083
9638
12775
9755
7068
8645
14560
6313
14054
7032
7377
11767
738
12677
4102
9875
5283
12056
1653
13249
11717
3112
14386
8771
5675
5546
1223
7195
8867
3533
690
14518
10169
12597
1821
12039
12762
1451
13780
7520
1517
293
55
14946
14876
3884
6915
14627
10940
8246
6953
1957
12393
9086
7415
6754
5907
997
14735
5024
5497
7436
11653
11231
198
10644
9001
12035
3638
8204
10549
10674
1491
9165
13671
6220
7843
4038
2512
2805
907
2015
9603
5157
12715
14089
7748
8760
10526
8176
10427
14492
11986
6571
8737
878
8951
5313
14407
10673
5161
9019
49
12057
11926
14710
9377
11017
13079
11440
11965
12161
1193
6347
10676
9698
14389
1546
9740
14008
12224
10074
3390
11279
6134
13379
3262
12195
6986
117
14095
14790
9958
12861
4547
447
9338
12784
4993
3223
10838
9293
8795
11774
13664
4936
2898
2166
5565
11367
13840
2439
201
7897
6014
12408
9346
8122
7834
1540
14261
14050
10553
4334
14175
5871
3655
6139
2598
4408
5834
5692
9667
12682
936
5553
3059
13826
11959
3996
13524
6336
5004
10503
9718
2050
14302
4658
4567
11561
12019
8415
3572
9008
6283
1899
11396
2845
12432
9990
2445
12620
3232
13294
12163
12425
4276
5863
9556
595
5158
1545
1062
8709
11983
6546
9880
8302
4909
8233
10923
10502
533
8678
3113
6366
10513
12974
14179
8272
1262
14504
4138
14708
1461
12499
6155
14602
8434
2292
13733
6431
949
14083
14729
713
7226
7674
5057
6914
12961
6423
10083
14688
4174
5739
7045
12551
14008
3884
11645
8867
2063
6683
13465
14483
9096
14709
11952
13989
665
7844
2259
13359
9213
10556
6778
6334
13006
9923
4700
1334
7703
9453
973
8313
4091
6301
5732
12830
12357
1772
14450
4644
1706
10491
11838
1924
2806
11441
5383
8054
8671
2746
6523
3332
7305
8077
6690
4929
6676
8253
10742
9988
11772
5128
3390
6839
5415
11292
4608
14951
4722
5852
5065
11845
7747
9643
11475
2166
984
37
3494
557
9363
8413
12106
9738
13805
1811
5122
4428
365
3254
6614
12937
11550
4314
14920
6281
9808
9268
4813
148
2123
6408
10904
13724
12040
8163
14905
14459
2706
9094
10739
5504
11843
13295
712
11326
14392
10748
4716
10447
5532
10984
9480
12145
5550
1058
6433
7299
9709
14918
4286
4041
5107
14607
11150
4062
13806
2008
13817
10867
2813
8919
2655
10788
432
10017
13698
12924
5761
5202
12952
10082
12143
3122
8246
4027
4313
13930
7810
8856
3011
14241
3201
12265
1352
799
3424
12907
13451
6362
5021
8150
8370
6229
8426
12715
781
11251
6830
11115
952
10005
14567
13569
2300
7378
6151
9674
2802
1162
14772
3787
12120
8819
5118
11270
4362
10625
7940
8377
7215
3989
12748
158
7306
6437
13119
5635
11170
7566
12912
1188
8240
9431
6385
1943
11133
7028
9823
2416
3516
14757
5703
9436
9374
9780
2626
10990
8924
10308
1074
7171
2517
2149
198
14090
14617
6355
10434
7485
8018
8497
14967
14132
936
9367
8732
10655
12878
13295
3200
7990
7664
11217
7484
13010
11030
14167
3555
1833
10926
473
3322
7190
4529
8567
5247
10151
3419
2688
12915
12668
6879
2312
10190
5845
5232
12428
2261
10906
14140
6893
4772
2755
11334
3303
10450
6328
4196
9978
14112
1174
10916
3231
11717
5414
1194
13933
14290
714
4693
13526
96
5240
1509
12463
1878
9650
1069
2532
11776
2645
4867
4073
14765
12038
7515
7975
12732
4627
36
10660
13125
7761
20
8204
6861
14713
1567
6938
10983
14458
14653
9367
10380
6793
9283
13149
12591
3377
5695
8529
11827
4464
1776
8227
13270
4583
6303
4498
5605
4052
12194
5764
12983
3358
1382
13934
9401
8825
6165
3794
9533
4320
10397
10748
10188
11281
3960
13603
10245
7605
12452
3419
13594
12375
527
11874
5284
445
530
6389
13424
276
6144
1146
11348
1856
4551
8833
8562
13488
7871
7860
8581
3312
14157
6417
14694
3029
6906
8279
10867
5889
13395
3502
7939
6111
1838
8840
5681
1397
11324
1710
13602
14910
5672
4520
13258
13341
749
1170
3375
4682
5544
9621
13244
11395
11075
5136
11739
3276
12648
348
9030
86
4461
10530
1065
2217
7730
1767
13969
14748
7165
7874
4939
7515
7050
1813
10575
13440
7417
11397
4205
1935
3616
8885
1821
8709
11084
11320
9289
7669
1307
338
8475
9793
14642
4516
11406
10741
9739
3816
1406
1429
10752
688
11393
5647
349
9458
11402
12442
7849
7688
6859
590
9762
2672
9079
667
7519
14081
1103
3656
8016
7010
9377
6373
416
12261
10111
10657
2967
8215
11143
11326
1732
8189
13154
982
4342
5655
14912
467
80
11012
8199
4158
6410
10834
5489
12116
4641
2524
334
13930
10371
394
6296
14350
2745
4085
9818
12878
12626
3634
399
12306
6784
405
9467
6396
3948
9183
11067
8228
2593
1383
10481
467
13311
7210
10507
2384
3347
10886
2726
12952
6762
14067
6424
8655
4395
5698
12599
6452
13777
8662
5022
3832
4319
12848
6774
11105
6910
9762
8699
1231
2124
9688
3802
13650
13125
4557
7868
10187
2330
8041
9419
9786
13521
9833
4823
1051
7550
3393
14915
4246
11406
12601
8739
14764
11108
4141
11434
442
3935
8860
6209
14395
6814
9198
1762
785
4752
10638
12353
2570
11602
8533
13311
10753
2364
11841
8628
3922
4387
12347
11405
4927
5767
5168
13081
14345
9214
13223
14070
6254
792
4648
13623
13752
4929
10404
10427
6515
13485
10632
945
4984
14868
6369
3361
3613
5620
6944
10907
14089
2393
4445
10544
7799
8485
7645
11029
4055
13912
3695
9455
4736
2325
1699
12879
8960
12515
2680
4282
3537
8782
1648
550
14070
1751
4907
1566
14310
14108
712
13477
5082
14160
1652
9433
11343
1906
2906
5540
10765
8716
9917
13780
3346
3964
11284
9751
10512
11587
13400
13571
14354
11109
8513
14319
6422
8883
463
2461
9833
14737
867
5473
10822
2480
2252
4244
8458
5084
13726
470
14801
7565
3456
8698
7737
3312
10207
14119
9020
11823
4280
665
10518
3093
3839
3160
8046
2556
10836
1335
2724
987
8474
4693
6404
3922
7454
11853
4116
11693
563
9198
7186
13830
6710
1331
1329
3024
7937
5425
4765
12303
12843
277
10905
5064
8961
13198
2471
1570
10489
3162
5018
5372
11064
5274
3683
6828
2880
9709
1809
14543
12617
5451
365
582
1741
5919
4080
2891
5192
259
11683
9798
12875
5253
12816
372
5209
10704
13990
574
5050
10085
11524
3194
6733
14140
1436
909
5897
11817
4931
14420
8307
2118
2511
12696
6589
8776
4068
1255
3652
9098
5612
2410
12833
12444
9933
566
5878
8584
12496
8248
9416
8167
6495
6338
2108
10376
6815
5307
13782
12572
12296
6897
11106
1245
11993
2673
13117
11705
1920
6179
12324
12107
7875
14989
11769
12023
13735
11289
10872
14315
13843
370
11191
986
8304
4288
8613
11507
72
2306
11130
4689
9632
9350
6291
9247
14014
1221
11270
160
6374
7231
4985
9438
11582
12252
12475
6881
13359
1284
7049
4333
11042
5801
3678
12256
1243
7145
13511
3331
8068
12156
5395
14880
10159
3726
7535
12188
12483
5435
5782
4787
707
9612
5750
2114
2744
9613
5244
3020
10282
4839
3459
1228
5330
11837
10405
1568
12217
8704
5717
7176
5176
6227
2243
513
14617
2017
4485
3905
5963
5502
945
1459
10109
6042
9354
12756
4454
10600
589
11480
3961
826
10423
5212
13700
10340
4731
5997
1286
1262
8138
9178
8352
5960
1383
6969
6947
5910
14860
9525
6891
11350
5346
13848
8474
14055
8153
6178
8550
2185
2849
11750
12698
4108
8750
1762
12654
13651
10108
13741
14535
8532
783
3889
6171
13513
7574
13120
12472
11532
7194
9047
2786
14484
8403
8339
4647
6494
4690
12647
5039
6800
2753
14622
7283
8835
8007
1431
9933
10061
6754
8231
2394
14233
11609
3325
9925
9834
7196
3712
5844
10894
4954
8949
2552
5339
9137
2254
5501
13674
6645
6453
13924
9637
12950
3288
11288
8592
2601
14378
11241
326
8689
9206
11155
200
13272
7639
1957
3733
1026
12294
1958
9316
13726
5550
3577
9026
4874
10183
9902
424
9653
3411
13647
7608
12616
2826
7194
12896
1382
5712
12234
11245
831
8961
7106
8309
988
4860
7002
3512
2080
8127
6154
3933
12742
3090
2386
3583
11759
14377
6451
616
789
6860
6238
762
7417
14816
12245
14214
12734
9914
2725
10866
6884
3374
3206
11825
3327
8316
5348
11570
12327
5867
6315
12674
5779
3022
7175
437
5415
8472
9808
1378
577
10886
2849
1219
12555
9325
13214
6128
6629
201
2029
8643
6805
5053
2970
11494
1567
7997
14073
8891
6877
5525
10477
13764
10478
39
3304
7330
12590
8388
7421
9302
14380
4676
7859
8268
7018
2513
6331
10352
14878
10899
14978
8075
7342
7900
55
14233
5693
7060
1237
13165
10481
10290
3465
10456
9945
14349
8740
5945
10822
4408
7126
10743
3708
13995
1969
13750
2680
14269
4224
7931
9288
6672
13639
13515
4719
7436
523
12525
11421
11266
8039
14569
10791
9103
10089
1572
4900
4094
11003
12321
13874
2207
9416
10835
7510
9705
10155
1170
8768
7109
9163
11537
2220
4914
2454
2005
3437
2220
6385
4903
4082
3926
14314
10434
5733
1324
6019
356
8438
3233
1280
14467
14817
4832
8497
4306
8125
11125
2592
1349
12857
7183
7899
13206
5314
12288
11928
14527
11936
8543
296
5885
5867
9558
7991
5435
14091
12104
7741
14880
11333
1765
9456
2315
8105
7835
8662
5679
5377
2117
4353
4875
9010
1194
11402
12863
8322
845
13580
11437
9770
4263
14142
332
12626
2025
669
694
2222
6165
12498
9399
11183
567
3414
67
9903
14167
3889
7426
4379
2274
1066
8702
9592
14842
1162
7184
8978
5332
635
12348
2249
6060
13278
2678
5134
6339
14187
3040
13260
3640
4213
12995
9960
12841
13856
12356
6161
4526
2772
5774
6547
391
491
2051
7033
3973
6871
3780
11034
8224
1722
10624
1113
89
8201
1729
10598
8269
7310
3751
1250
6844
6686
9765
12384
411
8878
12448
4509
9498
13344
4270
10738
4644
13063
12568
582
12168
668
14429
7226
4888
7041
3029
7078
1426
4530
10802
4275
7199
5465
13832
6702
10841
11565
6752
4282
921
13936
1832
5364
2029
9683
11634
7786
5642
9435
14822
13445
7252
871
10063
12711
8317
8645
8132
13653
14494
5228
10301
6324
14521
10975
14303
9868
12552
12004
4927
5848
11822
7330
6981
3644
2086
7432
14656
2566
2554
4479
14841
12230
1699
8301
5112
14394
7369
9695
3122
6015
13099
9858
1102
6420
4765
1009
13494
9397
13620
2253
7941
3890
2417
10704
5194
13971
9663
10926
14317
1066
12400
14778
8095
9693
1342
13514
10451
4498
13863
6639
6754
8026
4458
3686
5438
8427
798
8346
3953
12470
7484
756
870
12196
13266
8330
3918
6669
9706
3339
3410
6712
11742
2453
4033
3794
14935
8834
2341
5971
239
10041
3344
8162
5885
14774
11197
14180
5106
13150
12302
8109
9173
12931
8357
12085
8097
4981
5926
2957
6881
4720
14239
10322
4365
1217
14365
1445
7455
13770
2674
14847
4697
8840
2159
10225
349
11352
8352
7864
11307
8394
11201
12788
14357
3731
4298
12804
5743
2688
1577
10464
4763
6014
5708
10424
11378
7346
299
9361
12279
7602
5699
950
2052
11344
893
14742
12176
9513
5733
7525
4155
12315
8849
11335
9387
9614
12711
10721
1025
4399
7729
6682
7068
2606
10835
9818
12875
2366
12331
7367
12646
567
5615
1824
136
7197
10374
3991
13598
7983
7806
5426
11650
13441
4993
1222
11159
1559
13805
9742
5522
5031
14648
2425
5718
10627
1395
8430
7257
6137
9695
1960
10592
9118
8555
5095
5889
3516
12469
7658
11272
832
5589
11444
9894
4236
704
9683
5041
2661
5710
12637
11563
3282
1591
8258
7874
12801
8566
14407
2046
2070
12439
5110
10022
12758
14116
3261
392
5967
2293
10694
6396
13966
4786
1890
13296
6548
2429
6996
1054
13220
4948
10979
1554
13617
5398
5999
9003
8929
8897
12618
10968
12018
12828
7590
13898
13442
12637
7929
10542
12136
6258
11746
4139
14463
12640
11399
5334
12948
7376
12086
6787
1670
2098
5405
1003
7116
14125
14818
1416
6735
10933
8574
9764
7829
2756
2302
13318
9457
11253
2549
7520
2518
12856
11382
411
1847
6908
3893
10190
5508
12745
5625
10242
5404
12227
14598
3061
9173
14248
2970
6995
1896
589
4373
12986
11395
3592
3185
6261
5036
837
11524
4716
4462
12632
13449
6421
629
2009
10636
711
830
13100
6000
7348
6085
5405
3000
13336
9754
10955
11582
86
5202
5723
4840
1444
3118
5801
3500
358
511
2045
3247
10567
11369
13460
815
10812
4898
12651
8518
10626
8515
8840
10861
12050
3111
3351
14157
11427
8860
3286
2005
6061
7816
10268
12951
7614
773
7022
10914
3309
11234
7590
7660
13267
12828
9986
8619
12194
13021
9869
10432
8888
13847
4867
6126
6247
9028
12914
3638
6691
13561
1427
10038
3091
8811
7871
26
1080
13023
1646
3590
3669
2228
9901
6519
1329
7539
11878
10099
3753
5841
7321
14403
6539
14420
14825
11160
12731
12910
4473
13152
635
14049
12241
584
3749
10671
10958
13103
14946
1474
13373
3335
14235
8902
13000
5180
5190
11134
3233
4711
5880
13157
1011
3196
2378
2687
10963
2452
14017
2759
2880
1793
3161
4465
2729
8547
6811
362
5620
3959
12134
14450
9686
13931
6044
13274
8065
6058
4711
6772
1890
13377
3283
14048
10113
1788
197
1693
4950
6785
6964
8491
5397
13576
2011
1819
8563
9226
6968
13970
8682
11692
4337
14773
14707
13257
10963
14996
810
14016
7842
1397
2598
7208
9189
4414
1743
4627
14908
7516
10428
2535
7850
13759
160
6706
11571
5511
12919
5751
13423
9065
11120
6552
12939
3231
5363
4755
13918
2856
8494
10840
8246
7485
329
8370
13291
11722
3842
8458
13854
14444
14734
11582
10321
8107
1385
14809
14728
740
9522
5792
2225
12164
1568
8573
1511
2098
7112
2455
10608
4822
1206
2830
9080
1629
1473
392
13322
5630
10295
10890
12074
13186
6022
8910
11832
8740
280
6718
6423
6801
3170
3391
806
14350
4162
149
3516
4898
4623
10225
4998
9326
1490
595
13668
14254
14625
2485
912
10094
8107
13603
3287
10194
9844
11134
3949
7105
2559
5071
1981
7039
7518
8228
5599
6229
10981
7539
10069
7783
1339
7703
12471
8863
7358
1044
11476
5071
3857
10539
2862
5656
11196
12267
8742
1685
8500
5278
6652
8370
4447
5157
13144
7955
6418
8067
2334
12261
8923
2809
4008
9970
8669
9432
901
7415
5817
7989
7909
12548
5128
13575
12108
8080
12882
11742
9201
5783
2946
10842
10156
12155
1880
3662
11602
7083
10826
7263
8876
11182
10674
6721
12119
3019
8893
9736
4791
971
10711
578
13948
7841
2015
596
857
11114
14596
6078
7901
11509
9559
13368
6006
13452
11047
2108
6698
9490
8376
12460
1329
188
7257
12388
8104
1468
12945
7504
12159
10519
5269
8510
10700
11230
9342
2657
12974
5928
11556
57
4023
8685
13191
13892
12650
5160
2577
6990
6939
5084
6281
1780
9154
6700
6614
65
8854
7780
11417
5459
5663
7637
2415
3070
10610
4002
12180
13885
7428
13721
4388
629
1178
13984
13478
472
14737
12200
8279
7333
1296
5783
13695
11775
11547
7070
14254
5525
9568
13326
4750
6329
9995
8308
11998
6475
5278
14002
11893
4112
9053
7582
2585
13917
6459
7704
11685
2446
1610
11815
6448
10241
2778
12921
11652
14403
5504
10145
2644
9155
9904
11746
8920
3575
14327
1054
3979
582
11695
11814
7997
2960
11922
6757
13704
6871
11438
9325
9735
13835
11553
11470
8832
5580
13122
10923
9687
11864
2972
7516
10608
4204
13628
5863
7181
10829
14595
1823
4799
3917
1902
1783
9895
6935
1677
8361
7973
4748
14916
10273
3450
5201
8201
1104
3243
648
2727
12676
5909
13518
7369
1581
1533
6114
3383
7075
2371
7291
6501
10035
10885
10460
1431
3588
11455
14410
14453
2495
9685
8510
3569
7682
13565
10465
8133
13444
9205
2925
8225
5257
7353
10696
8137
2069
1718
10596
2467
12257
11406
5167
2656
8573
6807
7494
13462
9361
7853
10622
9124
9815
3686
8728
6622
5247
12630
10426
13750
2942
6244
14834
7784
4291
8604
293
14211
9397
2479
2584
6713
5760
14994
3759
11919
3056
8822
785
7248
14904
8349
12469
10175
7567
12364
1506
8786
9037
2617
2405
6718
5324
12189
6945
9588
96
4181
5943
7852
4281
9771
5440
11714
10252
10455
1093
11299
1839
5675
5256
3807
3425
13801
4782
437
6598
4362
7994
14249
10009
7585
12148
3627
4386
13334
8051
10682
10605
1470
601
8747
7454
3626
5946
8469
9690
1351
10419
212
8026
13718
5626
146
6068
8788
6983
5051
6200
10554
6043
9386
1895
7025
14685
4648
6731
5433
8133
6233
1094
6778
6304
1794
6542
2097
1604
1072
14931
2885
8763
14456
4155
4422
6749
765
11683
11096
13329
8826
1872
2162
3083
3770
9295
10730
12210
8595
2456
2691
5293
13083
8557
3087
7415
2370
11320
631
8785
2361
13742
12824
11389
9015
11200
5070
11152
1282
13552
12818
6291
13358
1238
6287
4830
13624
9754
11719
6858
7164
9680
629
10630
5830
6682
839
4312
7819
1710
5560
6723
11399
10192
2058
13006
8738
9627
7541
13330
13103
12383
5506
9895
9525
6273
14549
10756
406
14409
14812
14189
7817
4662
4676
11378
8127
7576
10521
12901
14539
10590
14044
9389
9590
6459
13112
6316
2214
10987
7931
14003
11757
3924
14980
10409
1010
12415
12397
12827
10864
6260
8421
5445
8298
7672
8484
13481
11013
6827
3298
9920
14741
5276
1190
13067
3483
14528
2088
7342
1368
3416
7947
2378
9379
753
11164
4383
10998
2232
12619
7096
2782
12283
2597
8741
1301
11282
14961
5302
2120
2805
1891
138
4824
7521
10950
393
5047
14867
1180
840
14679
8355
8502
4425
10670
901
4120
13446
13131
4575
7407
5495
6335
5694
5852
9343
13533
4374
6071
8262
13574
626
6739
2867
10847
5845
1114
7139
513
2414
5019
12282
1817
10553
6518
7405
1381
5025
4722
5871
9133
6148
2634
2803
13180
1087
8857
8987
3615
11851
13586
278
4568
12809
5785
12506
5638
11217
14172
8188
13527
14621
12295
12742
12376
11959
2300
9960
2168
12850
7986
14049
3237
1321
57
13830
8809
10213
14811
8559
4616
326
4308
9437
8786
3824
12189
9787
8734
7795
6690
13894
9160
14102
1159
10106
7499
4663
8656
3320
3270
3263
14898
9161
1842
4774
1997
9708
14010
5265
9784
3943
8386
8363
13275
8007
10603
9025
11659
5606
2710
14052
8560
3087
9850
3127
10162
13955
13388
2385
9245
13958
8004
13101
12727
2795
2179
3374
4487
5395
1028
10876
7161
4524
7414
5320
5964
2253
1144
9365
340
2125
5439
9276
10494
14744
11357
10848
10811
10342
755
431
8209
9962
8881
1703
10077
9315
2319
10779
9479
12495
2868
375
7310
7318
8021
4681
8505
8072
12538
3408
7927
3472
951
1954
216
2439
6928
3178
6573
9153
3138
11763
5129
3178
9527
9375
8389
12591
12608
6919
12584
3021
4066
9669
6304
11418
5812
12398
14358
13561
8966
11486
7683
13962
9479
8790
9114
12194
7649
11566
6054
6185
1409
4266
1684
2630
2702
7516
4599
9423
11181
1605
4209
804
10635
13111
287
14577
11825
6685
5436
10441
13992
5993
2883
14688
7840
2667
4252
8543
194
12936
4901
7808
5686
11705
10881
13173
14108
11544
12955
13545
12072
13923
7352
7583
14200
2937
11103
13355
6200
9106
8386
3209
7655
7024
74
12609
7886
11121
3596
7190
1759
12239
8412
13735
14077
7515
4065
6579
3764
12387
4689
2660
11054
4605
2201
112
12465
5707
1160
10553
3587
13316
773
4808
11510
1865
9098
2283
1316
14941
11523
1575
3004
844
320
9743
622
11555
374
8878
14082
3325
2341
8498
4452
13626
4127
2964
9495
6559
1591
4938
14647
7668
243
12047
479
12881
6489
14954
9423
2816
5148
13357
11648
10250
8991
8162
12771
2215
13155
3425
5730
3209
9743
2496
6022
8963
3234
5086
10686
12342
8453
700
5795
5024
3311
3500
14216
4934
13768
4574
9838
6807
8322
6627
145
7066
3095
3858
13079
11647
1141
10218
2404
908
10016
5017
12668
6764
14734
9938
6377
11127
804
9614
877
14747
805
6008
11957
3303
7606
10418
9178
12596
3286
12164
9366
2313
11069
14089
11787
13533
4758
7344
7319
2957
13736
7965
5470
11518
331
741
13446
13967
9636
13189
12195
2261
5857
14932
7786
11624
12897
8746
11983
13835
8436
11740
9610
13101
10596
9770
1055
6365
4755
10567
1419
10016
11129
7142
7607
10146
8559
14622
1769
5763
3265
4797
4813
12562
840
5704
629
2783
9798
10444
5102
9036
3112
7573
12019
8835
14276
7775
10153
9788
4011
10052
3258
10286
2393
4635
10467
552
3994
12798
12045
4663
9394
11500
6201
5192
14798
11340
3041
9409
10848
52
6739
10264
1236
14992
11774
12389
8697
13464
3754
7057
1615
13786
2491
11332
108
1576
1688
11897
3564
4727
1286
3627
8588
9561
4493
11638
6255
7832
7131
5606
4965
8826
9675
9604
8819
8486
14688
6563
12902
9019
2902
4586
11045
10447
8640
2103
6871
12161
219
14883
12623
980
5488
11383
9588
4538
14755
6118
12175
8378
14392
11692
10314
1663
5708
14283
13161
479
5842
11853
2712
3746
12421
5432
14658
11783
7691
13276
1416
10202
14155
13091
10268
9819
4295
6192
1261
8007
4814
12551
2224
12949
10087
10495
7361
5393
7752
3130
10091
9037
2426
3250
10172
7154
5565
7898
14994
8395
11556
9299
1912
3916
11051
175
2539
5619
720
8694
281
9320
5718
8047
9752
7258
5297
8587
3866
1203
1402
3084
8002
2249
3218
7785
8920
1329
8023
8412
7884
4788
7359
10295
6495
6656
5852
9271
421
3411
6919
2828
6669
6517
4116
11087
5628
11013
9674
3044
7498
13186
6963
5339
7175
4740
9848
8259
6136
2026
10638
4821
12464
5854
10311
6515
9427
11397
12348
12150
2788
2281
11243
10865
8400
1719
10033
10420
14953
2347
392
13147
9308
8288
4629
7923
10854
9788
12137
9160
14860
13268
12251
1160
1256
14906
12926
14154
3426
1219
942
9516
2506
5857
2820
296
5586
13714
1653
6721
981
7840
9099
9332
12950
8335
3650
14051
2623
11891
9079
3724
9521
4931
1294
5478
13591
10384
12993
8744
10238
4559
1716
6673
3491
9176
5527
12352
13395
13619
10388
310
11501
5361
6217
6687
6860
3186
6713
679
638
8967
7634
12790
2810
8097
12219
5276
10422
8103
5072
9263
3783
672
13318
2683
8134
3681
8022
12055
2567
5474
5456
4876
1703
7419
4175
5832
5705
4670
7426
7529
11042
2873
10377
4377
3751
12387
9175
2100
172
2816
6273
9099
3175
2875
9409
9749
10622
8515
5907
6880
851
10597
12878
1933
1403
4554
13843
12319
4957
12448
13857
6629
5292
1856
2465
3466
11168
12943
5545
10700
7328
2535
6691
7510
6187
2467
11751
5903
8101
12780
12063
13401
4531
9096
11490
8440
4699
1412
11807
10040
13369
9104
14892
3791
10862
1550
13196
8166
198
6945
7312
11302
13867
14497
6448
7948
1245
6158
13462
162
13881
13426
8122
10417
10505
9313
9697
1665
4575
4733
14864
10072
1233
4607
4381
12238
2974
10171
2398
14136
5335
9288
5097
10086
7809
10891
10140
13064
13604
10844
13369
4478
12576
1404
7159
14139
7230
12265
2632
11248
11750
1505
14299
4109
10132
1624
11412
5470
7732
8520
14922
13582
3088
12075
7036
9591
4619
9569
9338
3092
983
11371
10105
7302
12971
8670
1654
4568
12302
12700
14713
5730
10483
12980
919
11345
2250
13779
12670
14649
10620
378
1759
9142
5094
12540
3175
5464
5045
12315
7771
4629
6753
7815
14514
970
1716
13988
13495
9492
14852
4456
14676
11749
12279
12450
6771
5336
10795
1340
323
8598
2430
9355
10726
1844
4923
9571
10524
11563
10286
7406
9085
14182
9589
5202
12753
872
4460
4287
9562
10109
12268
3452
7044
14253
4191
11821
213
2571
13149
9085
7739
5750
13367
11360
6670
10742
8392
13380
1441
9538
147
14235
13462
4272
9906
4607
4692
11010
9622
12946
12301
5856
8251
7765
9599
4714
2016
3250
7800
7583
9090
8265
1956
3205
13816
13216
4836
981
9964
11211
12895
5326
5064
6131
9858
2644
391
830
7794
6883
6193
32
14403
14567
3887
14239
1543
3075
685
864
11618
11059
9393
5304
14818
7077
9603
4916
5431
3242
13543
8804
8670
4321
5400
142
11511
1436
10454
88
4034
13695
10755
8049
1620
8949
4424
11877
1952
6901
5891
6234
7754
3683
13896
3882
1603
11218
1370
7646
8572
14435
5512
12953
5042
12624
8827
6185
12524
5081
229
74
14957
8479
12913
768
12760
3249
2765
12517
2477
10850
12144
6259
821
14164
6128
4091
442
13989
14576
8822
9917
8653
1382
14113
10024
9830
12804
4840
3562
10662
1844
13968
8208
1532
7467
11556
14531
5916
2415
1369
861
13983
13673
893
5581
2781
5510
6768
14056
6835
9088
11335
1171
7835
12490
5393
2699
8590
10919
7161
4508
13064
3279
12043
12192
13756
7998
11475
9438
8324
7612
6000
9071
941
11386
4507
2017
4898
13072
5252
7691
12449
1257
5859
8982
3891
14684
11658
8467
14828
11294
1280
5602
686
1091
4532
5729
14095
2738
5743
1995
12511
2712
7818
6747
1902
13760
9491
1275
5765
8440
4725
12816
8396
11700
10578
6770
12256
5393
1995
1691
575
10459
11725
6473
7824
14976
5747
4788
862
2971
3200
8933
48
13833
1040
10551
2271
14777
9352
14174
2559
8561
12334
12892
13759
10789
13236
1989
7061
8767
1392
739
1346
13504
554
3617
1561
10373
5269
8431
1759
4493
7660
1044
14774
410
12723
3605
9559
14903
4444
1051
9914
11623
10093
5952
1517
5248
2266
1437
8207
7273
5061
10011
10985
200
8966
970
11061
3568
10301
6891
13032
9255
9874
2766
3511
2317
3026
4730
9724
5946
111
9465
8578
11626
6226
14523
12691
9529
11424
3234
11513
1313
13477
14110
7705
10213
1906
5053
7062
7512
6388
11309
11685
5168
2123
251
7367
5170
7932
14386
7171
159
8412
13688
10328
6725
7710
4415
5173
9910
6671
13463
2791
12334
10887
11604
4163
1281
6849
3163
7830
12274
7455
12969
11968
2028
11947
14583
1623
13523
5978
6287
13314
8221
8217
5645
2072
966
5282
3427
8119
13178
7519
4478
6586
11202
5959
3405
12390
12194
4134
9538
4623
3502
1050
6019
14867
9812
14538
6355
12552
2289
7197
8851
10074
8120
1323
12019
1286
5592
1157
13794
6144
3352
5545
976
14316
2948
3898
779
8720
8601
8129
5125
2959
11447
1151
13642
12067
10348
13347
14268
2188
7
6635
10442
11448
1567
1777
5500
12557
5759
7737
8956
4007
9923
6826
9199
1461
5191
13381
8057
3744
2868
2077
7474
817
5619
13992
1684
11092
4710
10505
10999
5877
6704
13413
9599
8716
14537
3813
9509
10856
5952
5729
3418
8131
4411
4794
7865
10066
1283
7374
14020
5747
6746
5105
7790
474
2492
8929
3164
11893
5357
4221
2841
3307
7595
13090
1774
6954
3983
8019
12248
14253
4583
52
11534
14207
7174
11485
2032
11907
3303
3711
4653
3088
4638
5824
10629
5181
12108
4567
9837
2786
5109
4770
13307
5274
8557
4638
7809
6635
8173
2632
477
8553
14703
12950
9284
5804
12861
8845
2944
3191
12641
12657
12579
2643
2186
9082
4522
5742
2315
11933
12995
7648
9280
13763
13069
7087
7127
6768
15000
10862
5739
6545
5301
12742
7381
6229
1860
1824
1860
68
484
8374
13448
8857
6796
3691
4919
9966
7136
5765
13391
7117
2959
9935
10801
1496
7200
11187
9989
13691
9895
13460
7196
14119
12015
3649
8363
5752
7279
802
10316
14858
12779
1426
3214
5828
14020
3836
10026
12509
10888
97
2472
8941
11753
13566
110
3990
7781
8091
13318
3320
11379
5749
4806
7420
1785
13778
11787
12915
8333
7674
6795
14837
3436
5617
10639
6286
5178
9638
7960
9143
11992
2443
9068
8462
1379
12941
3685
9148
2302
9857
11576
14219
1641
4300
19
14714
318
8415
8254
11443
8870
7284
565
14510
12971
2247
14073
5988
6471
485
7276
1772
13831
6273
8718
12292
4215
159
2071
774
7974
4878
2485
2929
6588
3803
10513
10153
6787
9546
4267
13680
1958
8703
4505
5863
8107
11600
8287
8096
5474
4366
7925
11035
2945
4788
1556
4233
4225
13542
6320
7533
10454
14232
3475
14717
4436
14835
12043
11994
11448
8544
1108
3600
10629
3562
11333
2596
14359
14917
14371
1982
14133
12278
14135
2442
5920
1956
14589
4628
10375
2913
14453
12434
10197
6393
4146
10221
4984
7847
14476
5662
10063
4792
856
14177
8190
8137
1901
13368
10641
5087
2104
8804
7760
11106
2447
8165
12611
8056
7323
2023
9596
10071
12146
12252
5484
1212
2021
1573
10802
1335
2142
9948
14343
3294
5755
1272
13465
3085
4554
8704
8490
5763
9668
2050
2449
11509
9806
1764
9726
10342
1221
4561
10334
13474
13163
12170
6100
10740
11042
14794
7506
3744
2529
13105
7322
14836
7642
7371
10699
3346
7704
10491
11258
11288
2486
1910
9408
13480
3963
1055
853
3834
11015
9918
11179
13703
2885
5174
6882
7994
11710
7465
12999
6688
1591
8039
3833
12348
10147
4879
6723
10780
13015
9900
10073
4239
14227
6965
2686
10319
14182
4143
4926
14288
11873
3219
9390
14115
12599
1345
7468
11547
13512
2102
614
11949
8513
7568
3565
232
2809
4761
3763
8937
13166
398
4511
1557
181
12861
5907
1463
1139
2203
1426
12682
608
3763
11003
13442
6875
4508
8619
705
14188
9836
5704
13588
12758
10518
3294
9259
8664
14602
2822
14384
10611
13047
14889
5010
10245
870
240
3037
6677
3768
13355
6722
14024
3509
5690
4406
6142
6094
7257
3656
11846
10349
12031
7900
4171
7267
9794
6119
2420
4164
1863
8467
12942
14778
4913
2233
2835
13953
11318
12385
10548
6793
14583
3055
9702
13097
1562
11321
771
962
522
13065
11181
4241
11191
13089
14435
8682
13033
8683
5084
5242
1875
10586
2007
6051
10509
5339
6333
8302
3337
3116
12412
5181
12705
592
11293
7957
707
10266
7567
1079
1873
6153
4137
3264
10249
384
6680
11771
1050
13330
14584
5175
9584
12812
3736
1772
6051
622
8529
5750
1699
14456
796
6996
7504
7784
9957
12280
10278
1562
12574
13185
952
11941
5520
1919
6530
3076
10875
7899
5139
296
10267
1208
12257
1972
86
4479
2481
1631
5132
9763
13972
14098
14178
12546
601
13195
144
1228
8340
5148
12274
9299
12611
7827
13252
8484
1967
4795
8970
2869
10221
4270
6756
588
312
3921
10407
2212
7909
227
14906
13334
12981
14862
9353
128
10899
7695
6460
11948
11805
6901
11483
11837
6659
1790
435
10864
8255
10232
420
9637
3224
982
3619
11986
1686
2497
2976
11116
8499
3920
10421
1
12954
7045
8060
6828
6895
13307
9784
7221
6542
5084
12875
4942
9388
10838
9909
11786
3012
7966
11674
12148
14934
7237
13413
11978
6792
1618
5025
4997
10318
14590
13283
2226
1614
9570
12727
5418
12833
3019
14268
12947
5114
8322
4558
12354
7630
6212
6533
1695
12647
4417
10016
3917
12612
10181
12475
3896
33
6771
12072
1584
8979
379
6834
9062
11944
2903
12509
14971
660
9588
327
9018
10254
3679
12932
11366
10549
115
12236
14175
11646
8893
10216
10556
1211
12466
7805
10346
8058
656
10742
4754
14171
10510
6985
14006
7593
3967
2478
8540
1188
1516
7162
12304
1602
11774
13045
6521
14170
5332
9119
13560
4976
10004
77
5789
8572
8935
10335
6277
129
9615
1221
4577
14263
8414
8519
11119
3041
4086
9846
9770
12870
14347
11221
5837
14768
5974
5998
11695
6296
6871
3650
14826
3302
6963
13483
8785
6615
2884
4943
84
572
12160
14805
13469
5885
11764
13104
13330
7138
5758
8998
14309
1443
11807
8706
5178
14782
4513
5402
10508
12313
14864
2319
11217
265
4204
10280
4426
11610
3152
13906
8245
8254
8069
7549
6113
11972
13284
1213
13170
10128
5517
5360
5456
5419
6101
1397
14163
2099
12218
9671
11377
4519
10918
7735
8410
14548
506
5764
10277
2408
7236
11217
13519
2588
1077
12346
4622
9689
2734
3574
1110
7436
9053
3214
373
3334
12223
1393
11438
14619
1835
5113
5432
11200
3477
6873
7309
4906
5904
2505
1115
3483
3915
12901
7668
13734
7711
180
1146
3255
3602
12339
1879
7178
11330
12057
849
14303
13681
9213
1149
14435
285
12503
12676
11312
9185
11944
4040
8619
3944
12972
3092
2351
4061
593
11630
10800
10838
11769
11805
203
7785
8465
4825
14120
12643
10436
5902
2865
734
231
8700
2637
12032
73
6699
12380
8947
7735
10723
9720
6593
3377
3184
800
1216
10593
14907
9599
6232
8278
9398
9688
4826
13380
3157
3049
3782
1289
14381
2366
11276
10760
2066
113
3289
735
12711
4741
6200
912
8599
11633
8930
6682
5772
11684
4773
4101
7874
1838
1603
14984
7483
3266
207
5116
9138
14326
9788
9627
4991
6143
601
9053
578
8504
5416
7693
10478
3876
8348
2362
4484
6745
5715
10342
10360
12615
7430
5528
8874
7840
2492
14289
13617
14162
4706
4900
1963
4888
914
413
13627
4411
12282
2429
4995
1166
873
11709
6614
6818
11422
11015
7940
3343
3596
4160
7454
3143
6486
13508
12712
2568
14427
2817
10064
11762
7456
8516
9386
10844
307
14686
4437
1555
12370
4568
7686
8696
7432
5072
6261
6268
9250
4308
3438
14718
503
12995
2717
9213
1919
13206
2133
13505
9803
12841
9533
8005
1711
622
2045
9264
5731
10499
2251
7227
13549
1766
7162
7962
10503
9619
10892
14520
13562
8830
12879
4037
71
4913
13269
4193
1596
11881
524
5749
13873
3588
7274
4433
5539
3937
1061
1265
4906
9976
9408
9549
10671
13860
13676
12657
9115
12231
7918
915
562
2157
1214
6804
2899
6165
4784
9894
7679
10430
1181
2576
5036
10126
88
13102
9598
13219
11838
1728
3766
7092
3817
8608
2856
7715
10950
7492
2
9678
2726
4651
6827
12740
11853
3013
9368
3091
4414
3778
7551
558
9720
6828
11302
6859
3734
1067
4885
11869
6549
2952
4639
11951
2266
6844
7004
6389
14344
321
12523
7411
13013
12890
11185
12006
11901
8918
10442
5131
3935
2919
10212
2110
11952
6061
6100
3658
12784
12253
11031
681
14773
10897
7583
2924
6874
3146
753
11275
6426
11070
13012
4879
2781
12073
4068
7400
4349
2858
5286
12757
14609
14295
7653
1183
2701
13929
13807
11251
473
3197
14264
3513
6075
11684
1789
2565
7700
6410
5742
2800
5293
1722
2254
4720
4398
7857
14929
12088
11044
9488
8642
5983
5403
8847
13008
10638
1388
13644
9682
11476
3703
5495
10876
6399
860
7825
956
14892
5382
3640
8032
2090
9786
10530
5163
14201
8737
2569
995
4210
13876
7963
8056
7131
3606
11101
11014
9909
5143
10220
12790
2426
13396
1167
14607
13737
9971
1167
4374
4734
2752
742
9756
11215
12099
1676
12572
9500
5315
6087
1630
10925
490
3280
1632
6836
5910
1164
6454
5101
5510
9654
9883
4667
12800
2617
4467
14030
14305
2300
11745
5680
2643
2543
7552
14798
10379
921
11806
7926
14809
8054
5794
11147
3666
7045
3146
6739
740
3915
11203
12632
3517
12010
12411
11093
4656
7484
14235
1843
4904
12084
712
11808
11914
3301
4098
8960
7934
6912
11203
10674
12117
14635
5337
4564
13765
12615
12101
11536
5435
14906
6525
2893
14820
6033
8687
12978
3117
12438
1462
14739
12556
10268
10843
6566
1450
12237
14816
9153
13176
9801
12889
1386
9545
7560
5093
1300
14601
9923
8446
1915
8606
754
14428
2619
9655
5993
7869
5589
6157
2361
2966
6905
2501
7190
1653
6239
9907
13657
641
10240
8575
13454
1485
3051
4346
3596
6561
5325
2275
14125
6990
1825
3159
654
5446
14588
3725
1821
11787
12692
12298
13469
9257
3240
1775
7144
13292
2938
11020
5719
2299
6217
9142
10557
649
6727
6295
11123
14707
6635
1860
6980
10797
6732
7208
8416
2657
4035
1099
14227
638
1195
2188
4683
13847
654
514
14008
613
14683
6340
13450
14092
10041
4523
7240
218
6410
10891
4090
536
14931
403
10121
2336
381
4492
12666
6312
6647
3331
285
3028
12971
1727
913
10204
2208
12393
2600
7636
14154
2443
13994
2349
2311
576
9579
7495
1504
1221
14100
11099
13493
7903
3477
880
281
8655
5750
13939
1226
13544
13460
12072
6623
6200
7366
9667
8318
537
7923
10228
4356
5199
8649
12674
12249
13593
434
1534
14238
5683
332
13306
6445
9451
14364
12911
11793
10915
9105
3033
6047
7307
927
6310
12415
12613
5729
8415
8366
12750
7559
5921
1399
11801
12356
10135
3361
5973
6357
10813
4279
13023
6583
5625
13703
13335
10235
1986
9753
1509
2000
7004
11878
3492
12184
11951
11087
10130
1667
3788
1740
8809
7386
13618
3342
1425
2056
3765
12876
11777
9361
4812
350
5999
9262
5333
14923
14766
14860
14622
2198
6174
10009
13188
8555
14540
4635
11802
8236
7499
10071
9867
11505
5267
14412
10763
7776
8260
9230
9132
1561
8265
12675
14389
12066
14298
9996
3268
2939
1984
14418
6272
7822
6633
8267
6612
4278
2702
10619
8093
5153
116
12490
145
1328
10805
6690
10531
2717
13378
1148
13655
9991
3750
2072
3297
12937
14018
6897
4449
5859
1914
5405
14034
5478
5134
1519
982
9735
14195
4488
5193
2327
2171
11933
438
11178
8199
5352
6437
7478
8656
20
6502
2345
10533
2101
12597
13746
13853
13777
11187
4295
6523
3438
6233
7615
3453
12008
12686
6139
9580
1080
11187
2600
8711
14208
9942
7094
10930
2112
11484
12216
4140
125
1655
5991
6127
14868
39
6706
6113
14353
11074
4556
1159
12091
12852
13966
11776
13193
4547
2074
1752
11790
1007
2383
8203
14954
5490
1353
7636
11663
11196
14527
7284
894
3683
1802
6503
3255
8031
9002
5685
8144
10035
12997
1948
13295
10290
5772
9782
4443
9916
5622
14089
7200
6016
383
3824
11466
1039
12696
12345
12452
8576
3237
12873
11519
7719
1198
14744
2195
5969
10975
8996
4222
12154
13523
1971
13661
2065
3450
9381
4144
9901
14933
12191
10736
1711
2267
1402
10144
6398
4572
10589
6480
6825
13462
4360
10760
6509
10863
14327
7697
4718
6828
6140
5057
13110
10613
10797
11343
1991
11212
7713
5436
1654
14381
9533
10628
9130
295
3719
11223
8379
179
11732
8374
12341
4059
9554
8740
10779
8276
5784
8859
1773
1676
6941
13917
8658
8970
5691
4344
8075
6058
9250
11943
13088
8071
14768
6652
13043
13487
456
7099
11809
514
1507
13266
13804
14608
9694
152
8769
13602
14281
10724
3471
6048
6332
5148
14877
1983
14830
2962
4672
9404
13658
3137
2323
1885
9560
7976
510
8043
1046
14013
4948
4482
2028
7430
1208
9752
13532
14302
5655
2577
5576
6444
10927
4659
720
14600
5735
2460
10799
14068
7559
11244
2969
5082
7333
3213
7459
5805
8655
5419
1733
4722
11265
10347
6366
392
13590
3106
336
14882
9225
12568
14526
4369
6084
3826
2556
6144
5572
3042
3585
352
5028
4165
962
11256
7424
12290
14388
6882
3376
9266
7472
12252
4929
12474
5526
7414
4218
2763
14624
6784
7096
8205
11208
13009
10684
7969
629
3419
9410
9483
11782
12315
5917
9212
7279
8146
5732
6672
3469
14754
13705
9700
2447
2923
8567
3610
7668
6466
4447
13244
11296
2788
1437
109
614
10811
14077
711
7792
7788
9793
8296
4760
583
3853
8243
12104
10384
11305
4246
6273
2550
1165
2315
9886
10263
1974
10236
11594
4976
3015
2512
13455
13316
1745
6793
1969
1199
11513
14873
11719
1488
13990
5233
10100
9765
10834
2936
1780
5432
14339
12524
5745
4852
14717
12029
1088
2090
9385
14517
12777
13112
9483
1174
14633
3120
1115
154
14952
405
11726
13501
12933
4624
2522
13767
5336
9989
7380
12753
11714
14707
5466
2227
1289
9604
7136
3365
13980
1621
4854
13831
11148
543
12943
1073
11157
9806
13842
12420
13457
7907
12329
11750
1900
6707
6674
10719
7625
2280
6580
10959
2830
206
3549
5617
2838
12682
8662
7674
14850
9862
14988
9740
13416
2417
8029
13085
6983
8825
2799
12415
9143
5609
9283
10598
1755
13868
11360
8139
1154
3750
10425
3974
7999
3146
14126
3720
10897
1634
10221
956
7688
1652
10682
3792
1053
3931
3996
800
2823
804
6534
2236
357
4261
14314
14005
14493
6807
9958
6656
8450
9636
8202
3729
14609
13632
7101
8164
8180
2955
9245
1795
6443
2014
2817
168
6237
4504
10832
9964
9147
13688
8976
6626
1730
5556
354
13868
11008
6750
1541
12063
7481
4703
4901
2392
7896
8696
2537
4451
2716
252
11788
2352
13500
11816
1738
11186
8770
3953
3649
6442
5399
2527
9747
4501
10895
8986
165
5613
7810
9062
12516
3668
4357
5359
6151
7858
14293
371
4044
3091
6118
12377
11537
4428
13051
14213
11291
2079
4044
7795
1000
10416
5842
3773
10680
12026
7350
10355
2591
14764
2815
3205
4059
232
1789
108
9212
12778
6903
8048
7886
2261
834
11021
20
4587
9295
9326
4102
2428
4358
3903
4543
14179
2563
13555
1817
1573
5581
13287
329
13788
115
5413
14883
4538
14682
11676
8013
4849
2385
14422
2496
1154
6819
12534
6337
9881
7495
7907
11963
2434
4403
12893
8959
3877
5138
544
2373
8294
14217
849
13762
10496
4396
10421
10543
3941
8027
1508
7578
173
110
9370
3717
1781
374
12258
1515
11485
7252
12085
8299
2249
5786
2511
14657
3163
8693
10138
2956
6570
8986
12954
9602
7668
1754
9348
10467
12112
11830
1236
6265
11777
13542
7017
6781
10660
11396
3604
6478
3604
6573
4938
12622
1178
13717
11801
11185
14634
11346
4574
2156
5276
2921
5117
4586
14629
12029
14469
13715
587
14046
1916
75
14536
1236
4615
13113
3615
4545
1205
5166
8958
8343
12401
8544
3234
3778
9289
7105
7710
14378
11972
10528
6835
5430
11659
2061
5254
5450
6929
12179
7351
14740
14723
5326
8614
4195
3629
9866
1546
7798
5572
10382
635
8797
2276
12089
8061
7347
10166
6564
11616
12983
5684
5866
4575
14294
7313
1338
1689
14047
10791
1643
10606
5826
10758
8638
11333
7798
8793
5711
2287
4844
10661
3545
625
3396
13443
13078
946
2358
9165
1022
6879
11337
6756
2274
158
1260
11201
12433
14032
8907
2510
8499
12907
12260
8824
6887
6075
130
8134
8175
7856
9763
11790
12997
13409
13862
11914
6740
13001
6595
16
397
4451
3320
5207
10698
1286
669
14683
3074
11582
4979
1055
13364
8678
3721
1138
13492
8950
11608
12961
11733
10564
13965
10841
3262
3139
249
6272
14186
150
11748
13281
1805
1520
3771
4304
2170
8703
7
6416
5146
10161
9769
5429
3173
3265
4934
11386
3055
11131
13958
2437
8157
13427
1724
19
2127
982
8019
2794
11158
10926
6742
5371
14066
13948
12413
8280
5964
4414
8913
12515
13150
3375
5170
14297
13561
6337
9375
10935
3301
170
13111
360
1064
8225
3263
8160
5197
10954
12566
13328
9649
6907
14923
4504
14335
6375
6623
14520
7378
9184
8348
11259
9042
12640
324
2028
9819
12899
3646
859
12365
3948
13249
8717
12565
1880
14
568
4909
4427
8100
9629
13024
8759
7393
637
3793
10238
13999
2321
6027
13838
5374
762
833
6702
9750
5120
9973
8555
9995
6893
5184
3157
1489
11982
14146
12688
13918
13372
985
51
9633
2648
543
14340
9998
6667
8978
235
1843
9024
14769
1695
14717
2031
7591
8248
5487
3319
3252
3272
9581
10983
741
9395
2401
2662
9854
11587
4039
1740
5876
6775
1164
9341
8496
3689
9269
4808
3857
13603
11926
9669
10986
5396
921
6955
7668
4495
9161
9441
337
2964
1692
13507
12235
14804
3750
1571
2850
4507
11332
11252
10984
7658
2309
12337
10889
3075
11192
2546
3031
12544
14297
3237
5935
14067
8126
4787
8029
10919
12085
7448
2250
3683
5371
4472
7713
9836
13408
10688
11542
14241
10789
7695
6957
5796
3867
2658
13901
10654
630
6544
3188
3965
6486
8695
5967
3878
12620
13812
444
512
4508
6281
12847
7027
12631
7
2861
14704
4320
9334
7798
1269
7495
11952
3915
92
8605
5554
6551
9460
7975
1477
8277
1987
2405
12800
14178
2447
4507
14368
10767
4097
9366
5595
3164
12917
6029
11634
3086
3950
12447
14795
7501
7401
10527
196
1569
7419
8865
13554
9194
1368
11426
8814
11382
7100
7857
6361
8405
10157
6230
5332
6943
2256
4109
4028
12602
10968
170
11957
10840
7182
13806
13958
8068
7299
14029
13496
380
4011
6172
11936
13727
10042
3311
9316
678
12943
184
9978
8390
7431
4116
8690
11664
8276
11973
8617
10182
8239
6249
12636
5403
13716
8858
14754
14114
14096
9227
3297
4597
3790
10225
8653
8392
13954
7514
10517
9267
2138
14000
10612
12709
1229
9379
4945
11200
5802
8589
4129
12746
8191
2987
9962
558
12779
12102
5287
9165
4103
13796
3217
8227
8934
667
7000
9887
5644
13087
13200
7204
13995
1519
7609
14325
5088
1952
3674
8597
8500
9579
8913
7121
9485
11684
14055
11328
11317
8743
6606
12436
2868
7943
11315
4613
8196
7640
6437
14567
1869
4946
11393
202
4458
14521
9157
11792
1763
13732
14
11686
6395
4648
8035
5378
10156
11736
3882
545
3677
8215
6577
9054
7797
4115
12904
3900
10439
1677
7891
13762
7557
7962
10202
1935
2665
7430
7152
1047
378
9274
9425
8094
6930
8112
5327
222
4527
823
6130
2164
4400
1351
11437
12807
8601
7296
4865
821
6972
3977
7465
4586
9531
11075
4999
6218
7224
2494
4359
7461
11948
13155
3969
8142
5864
14931
9098
6310
10659
2147
3941
14008
2264
5637
4946
12860
11436
12674
9458
1341
8248
10973
4691
8937
10338
13536
1499
3113
4671
4225
14492
8389
1694
10267
5534
12164
2203
180
7246
6309
8713
7925
14205
2950
14469
11550
14496
7338
9951
352
12616
12661
12067
5132
8659
766
1620
6269
5002
1352
6396
4714
11924
1782
8643
1871
4184
2595
23
117
5734
9226
5057
1261
14858
11923
10550
8087
10147
7875
6035
476
11359
9165
14638
8984
7435
3714
453
13511
11166
8285
9108
3510
12544
5397
6115
2071
12850
7962
7974
12564
14921
3366
6552
6248
8220
1590
13991
9203
4067
10354
14154
3563
8552
14527
69
6
12737
10189
11655
9859
12644
14620
2918
3987
5466
8140
14795
5966
13412
12302
6181
1884
287
12993
11110
6736
7364
9316
10171
6131
3291
696
3136
10688
6673
12604
7823
5316
2157
6158
5844
8624
14690
10799
14876
6366
11185
4183
4046
14427
13074
4419
6393
9788
13188
9141
6280
7871
10809
11816
4850
5275
11251
224
2421
9522
3530
1638
6364
8595
1035
3078
7979
2225
13334
14905
6458
11727
12860
13888
13233
3697
11798
1422
1166
5959
5214
2077
13326
3691
4112
13173
9283
5801
3717
5715
7549
12362
9791
10723
8447
9169
6051
6173
9467
5613
13281
6273
2995
2905
13857
6637
12483
12735
8942
10332
4193
6627
3597
12330
9268
976
2729
14147
2136
784
14430
7341
3833
12622
5773
2145
3840
11791
5273
3111
14855
5846
13442
1186
8856
10309
523
8898
14509
10966
11307
640
12693
2412
13916
12719
6696
2959
6052
520
3439
14554
9391
7944
4238
8197
929
3525
1040
8848
2032
4226
5970
14997
10861
3490
2824
2201
5053
12017
13056
4299
8955
63
5435
1303
3904
396
12551
14126
9232
1245
11697
7551
3170
1891
4281
12635
14575
14203
13946
13701
4702
10157
4403
10469
686
14649
14321
10881
5829
6919
584
3532
2501
12483
9145
13258
6476
6543
2657
12112
3556
9564
5766
8886
14628
6218
2597
11005
4672
4189
3065
14006
13424
6903
12674
12978
1018
1905
11174
12170
4838
733
13523
13154
355
11223
351
10050
7199
14518
14860
10325
3552
3923
12721
11972
8346
9871
14395
5912
9241
6442
1106
5290
10041
14635
5963
2779
14492
7578
9843
10263
4732
11683
1206
7564
1541
3293
10998
10056
1828
6923
7295
14412
1731
13585
90
303
11485
10653
734
898
8385
1329
13879
12506
5903
5497
14715
4862
1383
9601
11298
9740
1541
14376
8566
5790
13663
14089
3326
7309
5052
9471
11782
1570
11172
2785
4
781
2892
5090
9716
1572
10592
4362
2092
2735
14512
13475
8445
14757
8100
333
9095
14571
12693
10446
7535
9895
2968
9731
7453
8707
14009
2767
10423
3146
6967
10480
5369
8637
4651
702
2215
14487
13532
3423
10916
4094
5192
5519
8780
7631
5189
12382
9524
10901
7493
2635
13827
12304
13508
3737
5610
7337
5096
9466
12581
414
3056
12378
185
3012
1828
7106
1488
9229
2960
3856
10764
400
5826
1107
5804
12578
7908
7661
10643
1027
9293
11888
10762
13356
11102
2855
9677
4241
5185
11830
10661
12521
10751
2106
8601
363
9923
8668
3947
7200
10494
5617
2309
7302
1677
1904
3607
4740
1764
2836
3606
6826
1780
6022
8203
7948
11178
14651
3800
8921
10065
11013
11756
5873
36
14995
3889
9703
11863
13381
3019
927
13601
5493
1581
2182
5266
3993
3000
2568
12485
5698
7717
9977
13278
2286
14264
8849
4927
4499
337
11240
9794
7204
3387
13011
14768
12372
8839
10853
2990
5094
1303
10007
12655
7069
9360
5645
10809
3987
1405
2350
1444
9216
7140
13977
2906
4589
14308
10784
5674
12843
5158
341
5285
8297
12408
4871
13458
6951
10509
14289
4562
13459
12379
10383
6816
3245
2339
6912
2470
8269
7779
3844
116
5751
7222
3530
14974
3884
3063
2684
5878
9277
9379
11997
12158
2423
5987
1964
9722
2068
6163
5751
1734
8443
2046
2942
14564
2104
11061
2217
6211
5347
11420
8398
14247
9751
3634
11064
12137
8215
8751
13131
3451
7747
2716
5797
11482
13311
14610
8507
12413
8306
10669
6689
13260
3042
2299
11419
5762
12402
4902
6957
5652
1482
6799
11685
910
9160
13058
6464
13271
10611
11415
3933
11637
1335
8004
7911
5214
14445
7866
3545
14479
507
8465
5843
4323
11220
9053
8940
3901
13137
11190
11148
4693
13045
13776
325
7623
761
12252
11236
7389
5839
6754
7739
9028
13656
6591
14552
6176
98
3361
5771
11592
8350
7368
13003
2517
6349
9202
5728
7402
917
1758
4935
10720
10554
5224
901
6523
2253
8358
7385
7080
8310
10581
2145
7486
1777
2321
2544
4726
13220
5395
10184
14176
338
11423
6184
9213
5937
894
6290
5576
2267
7662
210
11423
14867
11126
8994
1912
1272
6887
1663
11881
7904
6844
11553
5084
3813
4417
115
14675
14750
1383
4365
8027
11728
10697
10726
10005
12573
9918
11133
10740
10339
9898
12591
11083
14831
10711
2037
14097
5791
1281
6704
5166
11943
14926
4886
3136
10117
10067
10415
8167
2211
12399
4921
11520
687
11605
1325
8261
2956
10619
12905
1593
6838
2307
611
9375
4349
12774
7340
7086
11044
7516
7996
6
3043
9064
2272
2009
9746
1782
351
10602
11333
14484
10755
5458
11323
6760
14880
9953
2834
6213
12953
4724
5051
7516
8228
7444
13492
4069
1321
12501
290
11304
6755
3575
4724
14903
7097
8898
3234
10924
2504
11516
8117
3441
2421
638
11955
4334
14207
8744
12404
1110
913
3244
3744
12942
10609
2915
3437
8110
9870
7132
7157
6712
5835
2043
13292
7405
10819
11391
773
4092
8907
852
5566
10834
6324
10959
10485
4498
3361
11036
11629
8050
4897
11808
13826
6576
8720
2933
5154
6396
2913
9696
10700
10420
14801
11276
7482
10575
10891
12905
6253
11070
11920
5561
12067
14155
1094
12915
8371
2898
8718
13114
7141
8838
5249
13518
8063
2681
2790
1392
2279
6022
2635
3329
2106
10865
9827
3846
3605
4305
10249
6601
6686
1601
9535
4379
6610
7239
673
534
12833
4625
7677
2530
4990
3695
13748
1441
3195
7033
11129
2637
9794
12083
7717
1852
4948
11590
13244
11085
462
2131
7394
5736
8873
13853
3297
2999
10932
13550
266
12283
137
7334
1417
12756
14849
10069
5652
7089
5206
7073
8355
3403
1874
10199
8489
11014
12199
2938
11546
50
6885
2850
12889
359
5192
10867
5753
5850
5484
7924
1347
4734
8431
14121
5493
9601
8625
11890
13627
6041
4656
3088
7559
8835
228
12046
1040
13354
3364
2156
9053
12923
4850
2235
2955
4884
676
874
13933
5482
13697
7445
1729
3702
9728
12284
14814
9549
5403
11524
3074
6630
8736
170
5415
9181
3610
12447
10403
13692
9576
3102
8440
3633
5890
3582
7702
1344
5818
5324
8494
2590
11338
877
10250
12778
13756
5911
1994
14347
13064
2512
7886
946
5095
3537
1122
4053
1015
627
3853
13771
1103
1128
13249
9442
13706
7671
3807
5757
1414
6813
3654
3396
13283
8774
5297
7257
11047
10338
948
11747
3024
5818
4842
9381
323
11851
12134
6672
2922
5477
14029
1002
2703
58
6767
2506
5208
9486
10185
9660
8149
11542
4968
1115
3075
3801
3594
10322
760
2709
12999
5602
14481
14730
1721
8117
11625
3466
9077
3180
12850
13001
12185
8425
1652
4899
981
7769
11882
3314
195
7558
5709
13107
1525
8026
3480
5505
2723
14165
7
10352
3868
13903
2274
4871
1528
8818
6443
14360
11393
6964
5965
3259
6731
3769
3201
3020
118
8197
4990
12568
1985
4339
3286
9340
9479
1725
5105
9723
1735
8209
9234
3659
11312
5731
11483
3191
3342
12820
11931
3812
6156
7375
7743
7808
3479
11808
4237
13202
1021
10306
7730
9133
11938
7797
4215
12163
3905
9365
9023
11988
4110
3263
5453
2879
3330
1199
11093
2102
3928
4124
3262
8209
5681
4481
8609
4854
1274
269
13659
505
9587
7177
6728
8969
13980
57
7665
517
2256
4482
6524
14223
3710
5270
14910
2776
7625
23
547
9879
11779
7170
8429
1406
5460
4710
14450
11811
11966
4697
10972
3167
9301
1844
140
4134
11525
9481
3031
7341
7683
10765
12414
1432
3700
13127
6147
1125
12757
7185
9865
6603
13420
6496
10013
6546
13801
6869
8290
7669
2756
553
8673
13710
6770
3501
8716
2760
5505
2943
12779
7616
7490
2477
7657
4336
1065
4023
5695
12786
5880
3888
4980
12849
4979
5503
9958
6143
477
12217
12472
918
7360
1136
10465
2236
1002
4970
6462
7995
14086
8159
7478
8566
7080
11809
8320
9713
11079
14349
3352
6379
10766
8070
13216
2084
4673
10178
2969
8462
896
9809
11621
7429
4889
2448
6035
5825
4137
8911
11786
13675
10195
2010
4315
13392
14032
12805
8443
2410
12792
12430
3827
839
2884
8860
9785
6334
9264
1964
8221
9130
14817
3128
4101
6240
12968
10789
12680
11698
9398
1930
10752
1779
4377
12184
10126
12119
13105
9761
12370
12595
11206
12484
4893
6035
9915
700
7570
1147
9537
6931
7000
6369
10349
10885
1438
4252
6360
13465
9503
1622
11657
2960
6985
9218
3256
6202
8189
13713
10173
12352
1209
6199
10914
4625
2289
4438
8569
6194
8653
7237
8672
13028
8088
11266
4747
4694
11596
12167
9277
12169
1163
14886
11851
2012
14010
6556
12212
11050
449
8688
8688
10785
8949
12688
1750
5668
3035
13724
14496
10935
6271
166
8398
13494
10055
13577
6624
13384
5124
9355
1411
14717
7622
12112
3699
11715
3250
11842
183
14735
1318
10698
12210
608
8215
8777
13129
8569
10472
11888
2302
2164
8659
10552
14882
14011
10841
4305
8839
4111
7671
3388
7870
13046
14946
672
2627
10903
12790
9186
11858
10498
7358
6906
13796
14196
14876
11943
518
11437
13225
11808
9968
684
14652
12275
12669
14531
4321
12636
4650
3279
8215
14357
14189
13625
11297
11483
10124
13484
4070
1517
6519
10166
596
14905
3116
263
14955
9187
13658
13931
14163
260
9249
1548
8819
10759
5796
11298
1193
6771
13405
8359
12605
11855
11478
719
9958
8269
9850
11576
12072
11808
5955
4037
8795
2549
11474
8139
2456
2495
7717
4059
2865
14614
5587
11601
1451
5192
1355
10036
12590
14989
10058
4325
2270
9920
10469
6888
12570
4477
5958
8104
3569
8
4856
749
404
7493
1472
1647
7603
11572
11455
3140
4947
2816
6599
5732
744
2157
11016
6681
6977
2037
10159
231
13371
766
12049
4305
14756
13964
7146
5453
7528
4234
13803
1544
13083
3254
14005
9072
7497
9736
4804
11413
3964
13123
3173
12988
3784
13985
555
4107
7490
11408
1058
12369
9487
11069
2545
2865
2113
9712
1152
1187
4415
6713
11013
14795
13941
415
8608
9347
1308
6835
14329
9235
11200
14838
7205
9322
11312
5918
8677
6923
14157
6403
2330
7070
11824
2682
838
9222
8431
940
14944
5552
313
7592
1741
4887
11
3064
2059
12226
7768
5571
14047
10005
5731
10456
4433
2871
8317
1817
9617
1651
8513
5198
6174
8791
493
14246
14610
9240
4311
9128
4582
4166
7781
3742
2513
14060
2101
7261
4861
281
1576
11256
4647
10409
7140
2934
945
13303
9341
1808
539
5723
9085
14543
4506
14406
13343
4346
978
5925
8764
6347
10077
10347
9441
3953
4082
13352
6824
342
13864
11082
6348
856
6442
14435
13748
2911
6611
5433
10238
14554
4012
13034
10674
3431
8937
12802
11628
373
220
9284
13690
11986
5421
2712
11392
1515
14692
13354
753
3825
4815
6512
12543
13690
5198
12928
5057
13537
321
9351
9089
5595
8335
8705
9441
8407
2298
11002
13553
5344
6588
6176
8646
3131
7130
12426
8155
9714
3130
7280
11438
11702
12690
12479
4526
2401
248
5565
1117
1889
14855
4060
7117
4159
10800
8259
3124
11884
4006
257
3795
9964
11515
13602
11862
8
11949
667
1027
12193
1491
9531
8960
6883
8957
1958
10594
14922
2555
6088
4968
1427
5597
3850
7783
12297
9030
10515
12222
11849
7999
9292
3700
2471
5742
7496
8850
13373
5061
5385
8787
10505
4722
10012
13149
3214
11461
7077
9491
14395
2895
1733
14036
2577
8417
3245
7121
13368
4781
12207
13359
3609
11353
5097
3324
6659
426
3106
5760
583
11733
10936
7789
14366
392
13320
8484
13913
13430
7554
2774
11321
10546
9051
7995
166
11875
13268
1877
4669
9039
14262
10014
13580
10742
3019
5156
10036
338
9401
12950
9402
12522
11162
9593
10206
10507
12324
4379
6497
9832
3209
3772
11921
7273
10827
13496
12896
5749
9695
10285
87
3282
5253
9604
6017
9892
1844
5458
6516
12945
5026
11388
9792
7941
11411
14337
13395
8563
816
2100
9623
7097
9645
13107
12496
10970
12828
7292
10927
9430
438
9734
10503
11055
1752
11621
2975
163
9766
7247
5693
10432
13465
1216
2361
1942
3150
10943
7563
4829
13065
4071
8375
3647
2627
3542
5341
11188
12669
9747
2167
6447
13005
12239
11374
5117
7461
7659
12242
10215
2536
12614
11071
1349
7520
6687
4020
1454
4250
2737
13554
385
5046
6740
4231
1204
7195
13746
5612
8837
13175
3958
3137
905
6593
13259
4711
5468
11188
8647
7634
6290
14659
9423
6038
372
7722
11759
3651
1965
10745
6327
9719
10449
12004
9826
7269
7383
13820
9815
2218
8429
4502
13149
3596
12448
13384
8202
3025
11869
7466
6961
12364
1773
2541
4612
9073
6237
14000
2723
12922
27
5616
14466
3465
10091
11643
412
10394
561
13103
2740
5441
10521
14204
10915
10189
1066
1287
9002
9153
12469
1263
5221
13685
9058
8332
495
2302
9079
9291
1898
5520
9357
1942
14660
4913
6262
10232
6423
11512
6094
10416
12639
14523
13300
4212
2700
10730
10620
7107
7260
1956
897
6798
9332
699
7281
12938
5671
6605
9366
14044
5217
9894
1961
1814
8695
2099
6193
12895
3629
1958
6261
13803
5799
8247
915
8357
12463
8171
782
4452
757
5487
13931
4932
2050
9019
2229
3474
14086
11432
2502
12967
12857
7264
9161
11335
3801
3006
13537
14970
10342
14388
2044
14278
9408
2172
14778
14322
11395
11388
10148
5484
4437
5884
8691
1408
6555
14353
8938
1877
726
12881
9009
4564
7262
5155
1325
915
8875
8171
3372
6338
12980
3961
13956
596
1161
136
4967
2540
8651
2357
14160
993
13224
12668
6956
11635
2683
11766
4413
4454
264
13872
13968
987
10799
11637
5787
13777
1927
3588
12630
9691
11157
7292
8227
595
6849
11932
1629
2331
6179
12699
12099
11857
12484
9191
9731
9874
11100
7685
445
1799
12852
7517
13658
8459
137
14935
14335
9138
8286
684
10854
8337
7907
2341
12070
1874
12189
11120
3668
13279
4705
10085
5802
12217
4338
4621
9698
1283
3067
7262
140
12267
8730
5003
2044
8911
9733
549
9195
935
1719
14151
14243
2373
10444
12250
4762
635
7113
1194
8197
8971
9449
8285
14574
7759
14194
2357
13089
3008
10310
440
7443
9593
10442
11220
9442
9697
7119
5541
3063
8717
4161
14011
12115
9737
8206
12059
13775
2715
7924
10092
14545
4667
6035
10849
6916
5904
6860
6937
10409
7820
11870
11974
10202
9245
10726
13675
8242
14858
4049
4789
14054
3426
13804
11406
1472
8147
3653
9425
8706
3121
14300
12931
6565
13665
7894
13968
7360
10362
1528
7619
2219
7251
3414
305
9806
5777
10305
12658
12624
5796
12532
14272
611
12057
4874
2099
14094
3883
4339
8522
3305
11826
8874
12663
10570
7004
14272
3170
5541
2918
10167
8433
13080
5302
8216
9987
7956
4293
14102
5974
437
9198
11694
14308
5364
5379
152
4188
8806
10627
2680
3572
7364
9266
11378
656
5982
9845
1426
2414
8020
14128
9476
13893
13986
6412
2955
1933
3027
14428
8600
13381
6225
13861
2441
9010
13888
5353
857
11564
6708
13988
12883
828
2243
13643
14716
9978
3266
4157
5278
7611
11277
2095
4123
14108
3989
11632
3835
9205
4923
13659
1404
1721
5533
3929
5462
7347
4922
5709
46
13303
4581
4206
11739
14791
5464
1930
9690
2097
12769
3516
3464
2423
4388
4363
14566
11806
11325
3760
8751
1362
9150
11928
6459
4542
12027
9982
11466
14405
10583
7083
1449
2666
11711
8057
8622
11224
7252
3114
9637
13697
11908
3657
8767
6297
2993
9923
9360
2302
11090
6777
12536
9718
7154
10944
5638
6229
14770
13231
5620
3903
4429
4955
9983
6501
9159
6636
1520
9598
2922
975
13267
3650
11418
9112
3543
2021
9816
12843
2972
11292
10273
6737
6066
8360
11869
703
3332
6382
6024
5621
10602
7332
2390
436
2947
9020
3442
12727
11729
9397
8692
1620
7750
6635
13312
13161
13791
12979
9740
3702
3630
8797
5747
3907
1555
414
6396
2707
10942
3106
4452
3781
9677
7206
7236
10138
10777
9197
5674
4357
14799
3255
5849
10420
14317
1248
1363
6231
2255
103
559
4462
12237
6938
12219
5586
10696
6154
11792
11325
13279
1326
5282
5970
14539
8917
1032
1689
7730
738
14452
1574
10687
8028
4653
2611
13142
13960
14008
5816
2489
11644
1981
2612
2491
3616
3787
6367
9923
139
10800
12395
6025
13430
10891
7788
7493
2761
1566
531
7324
14514
4850
8640
947
6644
13582
8813
2614
13995
8782
12384
12113
10082
3534
11559
11098
455
6374
6477
6993
12152
12375
2466
5061
3712
1787
13963
6428
7191
14333
3398
13037
7507
3551
4839
10685
9369
6466
9848
951
9128
11546
11677
8395
11529
10581
2045
10481
12095
5154
1710
7765
10653
2763
11636
3342
3726
4659
10901
11973
10496
6784
2586
9231
8295
3454
116
6308
879
702
14340
2519
6761
14069
11763
3837
1615
9333
10162
3791
9792
12449
8298
12319
1947
12955
4019
8510
12542
8866
14136
13723
6727
3705
1033
6998
12523
4349
1816
3585
6505
2108
4531
12944
5967
4812
8278
9652
14387
3904
11866
10530
8077
13723
3457
12002
9963
8294
10498
10473
10593
8250
9736
9044
5483
4947
11615
911
13747
3355
1503
3229
10216
11871
150
419
11125
10067
6011
11717
12870
2168
1751
4455
3703
5408
1316
12170
8388
6909
8693
5249
4336
13818
9246
4562
11217
8283
3175
11828
14936
1684
8659
10110
2982
2344
2074
2299
5273
4306
14853
3481
8568
10356
3820
8909
14607
2888
1251
14779
626
486
97
8399
8901
8799
12160
13509
7859
1958
8134
10217
8330
12091
2812
5454
13505
3539
4628
7086
4220
3372
1514
12739
9653
6637
14548
1750
1539
12817
12584
3044
14140
13498
7335
9848
7350
2697
1275
7069
2151
12576
3484
5422
2315
279
1615
4208
14064
4338
6662
5523
2338
4571
10980
1181
6604
1897
9396
4245
7556
14196
11713
8834
4363
2386
11131
13882
1763
12168
458
11765
49
14953
2641
14024
6635
6590
7717
8969
10596
13862
5294
4163
6654
7197
5091
1044
2987
5719
5719
1866
2923
9175
2418
2363
11756
6195
8519
10206
8093
12779
14948
13587
13901
9586
3534
2746
91
5108
9757
5740
11705
1746
10142
7204
6033
12169
968
12874
10934
11393
7802
14054
6129
9951
10834
10669
7911
9171
6392
12127
9309
14757
12072
5939
9037
9733
10356
1034
6380
3256
6955
12407
10749
2427
8365
12337
9879
10852
10443
10055
5203
4087
9625
2106
6024
2575
3437
3994
6403
7892
8061
1576
11345
6439
4267
5901
3832
4180
14681
10416
7301
3116
6903
9588
13450
3642
2985
3051
1766
4982
10606
6861
3930
12094
4038
14558
9593
3552
4405
4742
2782
2488
6298
12374
4282
7125
5607
5901
3113
9372
7231
10805
12474
12633
6119
768
3527
6806
7401
9434
1882
7734
2411
8082
9152
3191
2708
6133
14474
9271
11777
5353
6870
13483
7599
6994
14873
3006
10805
6149
9391
3921
9164
7404
5260
1283
7999
1635
5261
14248
11921
5615
1516
7446
11890
8603
10037
6921
9947
12094
13000
14328
4429
7192
8513
11036
119
13360
6601
8912
3491
13176
14319
12658
11828
10035
1269
1253
5180
3401
6728
5433
5746
14837
10461
216
11424
2076
1798
11417
5795
1072
7282
13002
8240
5326
2851
14637
7512
6878
5655
7778
4105
7963
1531
6565
2340
6722
11381
11368
7520
7204
4140
519
12160
3990
3043
3188
14053
1216
8098
9962
14748
7902
7108
967
12807
6886
3724
11583
8657
7249
11061
12579
8432
5167
6816
10724
14799
9275
5422
10987
5512
4708
7040
10434
12649
8493
13114
10793
11666
5020
2384
3411
1365
4121
8532
5159
3765
171
12415
12175
2991
9492
11192
632
10686
8172
937
4816
12149
1145
885
1731
3662
1711
1595
3490
3669
10469
10194
10230
6987
6802
1908
1797
1177
12172
12463
5617
259
11454
6496
6766
10782
1980
8082
4950
1325
12764
559
1295
5040
1760
440
7154
11681
2366
5526
11651
775
5099
11061
10949
5270
6069
10751
8128
14927
13286
835
13499
4011
10499
12913
5986
4872
1816
1857
5617
4630
13724
1690
10584
6710
5215
8158
5082
4978
4814
13382
11209
1870
732
11279
6601
5030
14499
8876
3516
7664
2029
8837
12003
11547
9098
1759
13932
1505
10853
10690
6655
2939
6154
2831
9852
2736
9035
3201
3407
9858
1614
13679
10406
9251
12011
419
13103
7365
10364
4022
6037
11723
10415
9492
14658
1683
7327
5348
14810
5293
4756
2091
14842
1425
5583
7505
1297
8910
7086
1297
13371
5833
5334
11772
2473
3480
3175
14809
3682
5158
224
4878
11328
9308
8282
1332
6929
13323
8819
4176
9827
4070
13215
13469
1877
9651
3453
14730
10270
11434
11242
13226
12037
3993
9046
993
8755
3874
2986
1822
10915
9715
8391
4162
288
3519
14346
5325
11160
3197
1272
6751
930
11307
10377
13882
8322
1390
12075
8244
1917
2998
519
10254
13001
5315
7311
9040
7078
358
12108
11155
12892
2920
1474
417
9460
9073
6533
6752
10423
11836
10365
3872
871
3282
564
3650
4988
11084
11454
10493
11265
7736
63
2978
5337
9754
10514
2135
7696
3351
9349
5776
1998
6886
11848
2453
10463
9765
7272
1190
3697
2464
10032
310
5840
12626
6395
8657
13091
2269
6726
13787
8488
2362
10198
12953
3638
11058
14723
12287
2664
2015
243
436
8117
1755
11982
1700
4991
7521
4100
12616
11441
10798
12898
3039
6957
14684
12379
3492
14234
1152
12642
6275
9735
12149
11967
10723
13787
2179
3328
3492
11362
8496
6912
10090
10442
3447
10274
10185
420
9805
14600
4668
3101
14623
13738
4302
9747
1891
5828
14486
7918
3435
10013
5741
2861
5824
5905
9043
11157
3795
9385
7274
9364
4677
11318
797
14688
5830
5150
14602
8916
12249
9121
6299
3126
1312
9705
1764
8854
2075
5019
2553
4660
13346
5568
14711
14737
14379
5058
7715
4967
12589
7523
10223
8407
3486
10993
5512
12900
7925
12277
13921
9795
7936
11037
3411
5964
6407
3317
11480
4248
10003
13188
12037
11302
232
11669
13677
1636
1103
12871
4967
10237
197
3953
13958
6383
5857
2751
5798
10954
8539
13541
2665
13748
14929
12078
2167
10401
12614
7098
14278
14048
6667
13169
10755
737
403
11568
4594
2056
9978
1116
8448
2156
10255
7026
11243
3596
6784
6780
621
205
12446
9872
10199
14753
8426
14045
12714
12694
9304
7440
13127
6804
2710
10869
11049
10425
9180
10164
2003
1515
12784
5956
13818
3615
6519
10597
1350
11382
8382
2220
8771
2629
2705
260
1504
5982
14876
253
6247
13536
2702
9509
14217
4854
1005
456
4565
2786
4180
986
1014
3348
11043
10879
6676
13905
1105
7427
3189
5337
9652
4970
8608
4705
5291
914
6497
2325
9729
1926
13398
11995
908
7944
4613
10494
1273
5870
2757
5347
13766
6495
796
813
4965
1616
7830
10214
2620
14425
3002
959
13347
3876
1377
1475
4
12903
2551
4490
7262
2203
1867
6993
7497
4410
14120
14798
11668
2209
10541
9243
6343
10096
5169
12053
13789
10683
1729
574
5283
2993
4501
4151
7020
14023
2683
6220
4924
71
7442
5770
8868
14800
5125
1804
4017
5440
1521
8358
262
5012
3097
11581
13985
3187
11987
6075
13306
13713
8733
12692
12505
10546
7165
9072
4450
6061
3753
12178
7749
11847
7727
6630
4208
9714
3626
1164
13302
14787
4343
3228
7792
9736
5122
13753
11412
1531
7385
10045
6291
2413
6020
4808
596
12440
8225
4408
11741
9733
14115
10604
12813
11444
6600
4083
6316
12640
83
4152
10483
11567
13520
268
12141
3722
3871
6643
769
10952
6270
10613
11552
8356
8987
793
5114
14779
12419
14100
4586
10237
9611
14989
2391
71
6788
9234
9361
13722
14900
2217
14927
5393
9596
4989
11529
11756
11449
2610
1258
13177
1076
1506
12685
4307
3956
8594
10670
4611
3799
14307
3563
11736
2780
8620
4274
10702
6543
4369
12790
13540
6503
3715
555
1651
14060
12454
12208
6781
6081
10185
8485
9569
6758
8489
8929
11603
9945
4369
9189
9374
3684
12327
12332
14500
3077
10083
7393
4438
13525
10375
2660
8270
13550
10299
4319
3415
9112
1324
4027
6415
11693
11293
3928
1845
7313
11265
6561
8396
8469
3544
8845
2744
8209
12495
12359
6667
2840
10907
13065
6932
3218
4988
3562
7236
13534
14842
26
3670
326
8961
6279
6572
6303
14797
9171
2267
1905
8325
5244
8425
941
2566
3215
8413
12740
5989
355
7232
6557
167
14539
12552
10092
8018
1901
15000
5131
5772
5297
5749
8196
11745
5562
5763
2617
5815
9881
1350
9867
13681
4798
654
3814
320
2005
14104
8978
11664
11440
7201
9816
9342
3206
7592
6144
9491
14666
14580
11496
4621
10134
5569
7668
11712
3044
3234
14862
3350
11431
6914
13371
4501
4581
2732
868
6895
534
5412
3955
12554
4050
6869
13620
2510
13159
6106
2007
6104
14984
1341
6007
12538
12803
4539
10467
5295
9155
2074
6779
11155
921
14114
5196
13621
5784
7606
8128
8249
12357
1276
12484
8133
7196
12335
2056
4731
7358
7256
9758
1052
1386
9861
6710
7695
13370
13499
12818
8934
7135
10720
10032
3222
3775
3999
6229
14496
3237
3641
10881
12129
571
409
13554
366
358
4987
2057
4253
8002
11563
7368
2706
7425
7579
6399
10256
2799
5367
11181
9322
14099
10247
2326
7825
392
8321
12995
14625
3305
11153
4047
2371
8006
12939
8588
5792
13874
6568
10191
133
1848
12649
2877
6490
13119
6634
8870
2924
2195
5708
14517
13207
6466
14474
6517
9528
13398
3371
6546
912
10856
6000
9907
1358
7956
6205
10862
2385
13396
8672
5449
9605
12758
5538
12279
1140
9000
2525
4429
1611
12383
6698
7796
14736
14897
5121
8148
2186
8838
8694
4061
5065
3303
7021
4301
12509
12687
12792
7597
505
11230
6631
7880
5404
1612
5544
9143
9289
3752
11042
8269
5366
9167
4922
13690
5841
13989
8785
8900
5797
10914
13744
13146
1400
4791
12813
14342
9149
5251
10206
9721
2131
3606
5571
2057
11157
1450
5307
1251
14798
11480
11301
6356
11561
342
4582
12498
2900
4468
14484
8062
12878
13171
14204
7538
3571
13050
4872
5354
6306
8969
10723
3839
7080
10846
4974
11831
7960
6565
2074
6002
8158
1203
5993
4078
8675
490
7400
14032
10471
2273
2909
3818
1345
11834
7314
8458
1875
572
13392
3847
12259
5115
7004
2337
1768
2923
1580
9894
898
14772
14442
5385
3845
5286
10395
11171
7992
4758
4268
168
8112
11574
2604
4010
4185
14393
3229
5733
7051
13811
7067
3301
11624
2383
13083
13821
4098
6473
4210
13928
7178
14680
14490
1940
7527
14095
5896
8622
7769
1495
10186
8658
11343
13648
4449
7591
11701
3730
6590
4239
2722
13797
8142
10154
14255
2492
11594
2580
8289
11245
8646
14419
9618
12092
14973
12197
10922
10233
6799
2264
8581
681
1935
2431
6775
13911
1499
12664
9024
243
1740
14283
8807
8059
1115
9559
12333
14159
6582
2524
1411
4961
9839
2435
13320
9411
3460
3422
6849
4033
2677
4397
3052
12440
14459
4177
2919
11457
14985
1199
14924
5677
6115
14732
1249
3810
10725
9966
3362
2952
14789
7747
7375
3101
4434
3826
13514
8504
3925
6711
12634
6028
13166
12744
5992
10085
4252
2801
12205
2038
9930
5106
14875
723
2013
7125
14393
13635
12166
6201
13614
9874
14573
6308
9300
5018
471
5796
10120
9303
14451
10565
1039
6795
6386
1617
4151
12151
4529
4004
5618
2449
12102
3062
2839
14965
7925
6747
425
12700
2070
1988
6105
8062
8761
8851
3107
10683
14697
1589
3212
596
10906
7115
5640
7649
84
4206
697
6396
5687
7278
14919
522
13115
12394
5335
10437
137
13512
11151
10029
7917
11077
3166
7103
9034
14947
8521
9550
7382
1373
12703
6156
14665
11116
673
11192
5153
9483
11432
8891
1952
10474
14868
9438
6794
8438
13604
2544
7486
2231
9226
10678
1351
3271
2450
3774
5878
14860
13334
8524
10192
2576
4379
7760
7933
6010
4716
10354
10561
3648
6256
8361
14379
7647
7639
6302
4464
10940
7582
13855
7373
6730
254
1809
5775
4173
401
12616
14836
4075
1008
2229
10144
3862
397
14720
10251
8027
8748
13750
1799
3849
2430
13776
6283
13849
6791
10521
346
2775
11073
9502
14853
11413
4219
12408
14836
7375
10317
9692
7830
4504
10856
397
13604
1262
9109
7896
11011
9639
2165
6282
13501
1382
7950
8825
12203
3874
5913
3845
11315
4618
4585
17
1812
6972
11841
3642
988
11166
1502
9349
11181
4364
12735
8993
14471
13673
3640
1863
3686
3862
10988
3169
10882
11555
5158
3628
1302
592
11337
9242
6951
588
5457
12505
5760
13830
8842
10005
5446
12124
5716
29
12245
1099
6145
10903
13500
2501
10853
6417
12096
21
8372
8283
1804
11398
9709
6434
13736
219
4588
5444
4865
11871
9380
1428
3343
9997
7738
10221
5741
659
3607
9608
7453
10681
14218
12710
3741
3925
9773
1515
8107
8863
6604
10256
14550
4747
11465
6934
1291
2439
4966
4709
4185
6249
6422
2670
5428
12078
366
6454
6637
3775
1580
7761
14627
10147
6303
3380
12597
6576
2056
2124
6676
10669
8314
10605
10741
14845
2647
3557
4031
12269
12895
6126
2206
31
6496
2654
7984
6481
10631
13013
14265
1689
8473
14458
1094
4328
2234
5902
10933
10274
11400
11464
1035
14254
10822
14681
7134
10166
8946
4809
13786
7054
10453
2609
5835
2306
9523
11274
10635
6232
3891
14298
10035
4622
6740
10117
8690
6708
10617
12192
8285
11095
7768
1292
2809
6316
13120
11654
12798
878
2274
13985
6712
2205
9977
9421
13393
8124
5218
9806
4000
14261
5642
5861
6749
11361
7269
1803
1930
3116
6720
10838
11007
6915
68
705
5151
6089
4501
13762
6171
5021
729
14960
9444
10276
14678
4198
14067
5097
3438
8946
12897
1335
3159
8758
8525
14085
2202
1176
14435
7739
6738
41
13069
11161
5412
7884
13623
2212
13591
3194
12056
2267
1525
4054
14
9351
8681
3487
522
3888
6917
12946
2522
11888
11970
7692
13622
4785
5017
12331
1584
11426
14055
14428
7778
12101
12442
129
7186
6040
6308
14697
12176
13161
10353
4174
2120
8049
3208
7002
11927
7172
10341
7661
7439
10203
3669
49
7309
4268
10520
7456
7559
6029
840
2474
7370
258
5522
504
9656
3398
5516
7637
10552
3226
3899
10647
11717
929
4258
11636
12474
10466
13437
1460
10060
1830
3706
7062
9413
1016
680
12506
6957
8576
11746
4170
5366
6321
2055
3709
8837
6294
11956
796
7727
7674
8373
10182
1988
7690
12323
6545
12887
6406
538
9704
8832
13248
1516
9685
5301
4322
1292
9009
12028
6860
4968
7637
2906
14309
11829
7432
7676
6479
12854
9772
8226
11358
13707
