500 1
258
178
456
463
405
7
327
62
1
162
3
240
188
203
448
237
496
145
379
393
22
242
418
165
9
290
202
438
398
214
412
94
457
69
349
185
245
374
488
301
344
434
112
483
149
281
443
492
238
456
129
225
249
53
201
1
335
184
109
176
311
207
352
216
394
368
61
141
12
314
386
121
334
429
285
277
435
178
219
243
88
245
410
395
428
376
486
47
474
244
430
78
74
370
60
288
436
379
321
68
276
109
73
44
110
68
101
46
264
398
109
248
298
98
439
9
53
226
1
416
144
174
151
491
305
222
411
280
170
53
345
90
66
255
382
469
488
109
81
106
204
478
219
220
355
75
418
197
157
176
497
338
48
7
481
24
90
5
455
33
475
8
377
87
461
291
45
296
266
335
389
466
142
166
207
443
63
6
327
459
15
435
177
161
223
207
444
310
122
445
65
406
102
431
288
95
369
105
186
155
268
82
404
56
471
205
412
191
34
92
420
213
250
402
207
34
207
40
128
381
126
272
449
129
8
284
488
73
61
9
24
425
212
45
470
459
67
47
452
222
441
340
69
329
460
321
89
74
26
115
225
62
448
261
295
228
372
370
312
4
284
162
289
17
85
454
6
63
218
304
11
81
376
302
355
34
314
29
354
305
172
97
403
360
324
313
296
484
188
382
35
77
225
160
88
381
12
135
163
18
444
361
149
408
464
417
151
174
155
165
246
157
411
227
23
385
238
313
203
54
245
164
322
101
27
436
417
211
280
448
337
188
128
244
441
469
204
343
382
289
123
28
3
19
245
333
93
302
288
454
149
129
227
318
362
188
136
429
59
22
75
133
370
62
499
169
178
244
210
280
351
472
74
252
408
358
107
153
6
77
122
468
475
244
234
378
140
479
243
133
396
118
421
238
480
493
420
142
452
49
431
116
136
295
154
313
233
476
440
172
345
497
195
497
370
117
359
395
446
474
396
453
132
204
494
322
443
441
110
331
87
464
425
359
400
447
242
466
76
147
229
448
6
339
150
496
368
437
500
461
273
158
23
297
417
433
245
136
91
153
60
243
216
208
214
330
396
201
109
207
345
238
50
22
12
90
266
173
345
479
60
389
250
345
398
15
27
346
109
446
498
199
178
449
495
213
248
232
303
411
