50 15
-3.1 11.5 3.8 6.4 -15.6 18.5 1.0 -2.2 12.8 -18.0 -1.0 -7.8 10.0 17.9 7.6 -2.1 -6.0 -6.6 19.8 16.4 -15.0 1.0 2.6 -5.9 8.6 19.7 -11.1 -0.1 -11.8 6.6 16.9 -1.1 -11.0 16.6 -4.6 2.2 -7.6 -9.7 5.2 -7.5 -7.4 -13.2 12.7 -18.4 19.3 9.6 9.2 1.7 10.3 -2.0
7.5 1.1 -14.9 -6.9 -18.3 2.2 -16.8 15.3 -4.5 -1.9 -7.8 -6.3 -7.9 5.7 -1.8 12.7 2.8 -4.9 16.3 16.5 5.9 -19.7 10.9 9.8 2.4 -12.7 -0.8 -15.2 7.1 18.2 -4.7 19.5 -5.8 4.4 19.1 0.9 9.9 -0.8 12.5 -7.1 2.5 -2.6 8.0 9.2 6.4 -11.2 -2.5 15.1 7.3 -8.5
-4.5 -15.8 -10.4 3.1 -5.0 9.7 11.0 -10.4 -7.0 -1.4 5.7 -15.9 7.6 15.0 -1.5 -7.7 -3.8 0.5 4.6 0.1 -10.4 0.3 9.1 -5.5 -3.6 12.5 3.4 16.5 -6.1 -19.5 -16.2 3.2 6.4 14.8 4.7 16.7 3.9 16.2 5.8 -8.5 15.3 10.6 11.9 -12.4 -6.7 -2.2 -2.4 14.4 -8.1 1.1
-4.5 17.1 -10.2 14.5 -6.5 4.1 18.9 9.8 -8.5 3.5 19.6 -16.3 -14.8 -8.8 15.5 -9.5 2.1 -18.3 -14.0 -10.5 19.7 2.0 -18.7 -20.0 -6.6 -9.3 17.8 15.1 1.4 11.6 14.0 -18.9 -1.8 6.1 -3.6 2.5 -17.3 5.0 2.6 -17.5 -11.0 0.5 12.8 -18.1 -16.8 -1.6 8.9 3.6 -10.2 11.7
10.9 2.6 12.1 1.9 5.4 6.1 0.7 15.3 -16.7 19.2 -5.5 -8.4 3.2 4.5 14.9 9.9 1.0 -7.8 -18.3 19.8 -12.0 0.6 -10.7 -13.3 10.8 -11.5 -19.5 19.7 -11.9 -2.0 12.3 6.1 3.9 5.8 5.4 9.2 19.4 4.6 1.8 -0.8 3.8 1.7 -12.1 13.9 -12.4 12.5 -13.2 -12.3 -11.2 9.3
-9.9 8.4 7.5 -14.9 0.4 -18.7 -15.1 6.1 14.3 -19.9 -14.2 8.3 -1.4 -18.0 2.9 -5.3 0.2 3.4 1.8 7.4 2.9 -1.1 -10.2 9.9 5.2 14.3 -18.8 -7.6 -16.5 -4.8 -19.1 0.1 16.1 9.5 -6.3 12.7 3.8 -18.6 16.1 13.3 -13.8 -17.8 6.7 -8.2 -5.7 -12.4 2.7 -0.1 -19.4 -7.7
-5.1 -4.2 -6.5 15.0 -7.1 -6.0 3.0 -10.8 18.6 18.3 13.9 -9.6 -9.4 5.5 -1.4 1.3 -17.2 -8.2 0.5 -13.2 10.5 10.4 -16.4 -18.8 8.0 -2.2 4.5 19.9 8.3 -16.3 -11.9 -10.4 -5.6 -0.2 -18.1 -12.6 5.0 19.0 -16.0 4.2 13.2 -2.7 6.9 12.1 -12.5 15.1 4.1 -11.4 -0.6 14.6
-7.5 -8.0 -10.4 5.4 -10.2 -15.5 -14.4 -16.9 10.6 -1.7 -13.8 7.2 7.0 17.2 12.6 18.1 7.4 -12.9 -14.4 16.9 19.7 -6.1 11.8 11.3 -1.0 -13.1 0.1 0.2 -8.6 13.0 3.7 -0.6 -17.6 -4.2 5.6 -16.6 3.5 16.0 -3.4 -4.4 13.8 8.7 0.5 11.8 -4.7 -14.2 4.9 0.3 -3.9 -13.0
1.7 12.2 18.9 13.9 -18.3 -6.2 11.1 -3.0 3.6 4.1 16.4 10.4 -18.2 -15.8 8.4 -14.5 16.7 13.1 -14.3 14.1 -3.1 -0.8 17.4 11.1 16.0 -12.3 -14.5 -1.2 -8.5 18.2 -7.7 -17.4 10.0 -13.9 3.9 -16.0 -10.3 -3.1 -13.6 1.6 2.5 -2.3 7.0 13.7 -4.2 -19.6 -19.9 -18.7 -5.1 -6.5
-10.2 -1.8 -1.2 5.9 10.2 3.7 -4.0 -5.6 -16.8 1.1 -7.7 -2.9 -11.8 -1.7 -7.5 -7.4 -10.4 5.6 11.6 4.1 15.1 15.7 7.4 -2.0 9.9 -10.3 13.3 -16.9 -5.3 18.8 -15.4 11.4 -3.5 5.7 7.8 11.4 -12.7 15.8 -3.4 19.5 17.9 9.6 13.9 -1.2 -8.8 0.5 3.4 -9.5 6.8 -13.7
3.7 -17.6 -6.8 -7.8 17.1 8.9 11.6 14.4 -7.7 -17.8 12.3 -12.1 14.0 3.7 -12.7 -5.0 -8.4 -5.9 10.9 2.4 17.4 10.6 -4.5 10.9 -17.5 -17.4 18.4 5.4 -4.8 15.5 6.8 11.6 3.7 -5.7 4.1 19.3 16.8 6.2 -2.3 -12.7 12.9 16.7 8.4 -16.1 -13.2 7.9 -5.7 -1.4 -11.4 4.4
-17.8 8.6 12.4 -11.0 -17.3 -13.3 -6.9 3.8 18.8 -7.7 -15.3 -16.1 13.3 -10.5 -2.8 -3.4 -12.4 -9.0 -6.1 14.2 0.0 -8.1 10.0 -16.4 -1.8 -4.3 4.0 17.5 -9.5 4.0 -12.5 -1.4 4.8 3.7 -12.3 13.2 2.5 -3.1 15.8 13.8 -17.1 11.2 -4.5 4.9 16.8 -19.9 -19.4 8.1 9.9 10.5
15.3 -17.2 5.9 -15.6 11.6 -16.0 2.7 -14.7 -6.5 -10.1 -9.3 -16.1 2.9 0.7 13.5 15.9 8.1 -14.7 -19.2 -14.2 0.0 17.1 -7.7 3.9 -0.2 -14.6 -13.8 -12.7 -19.7 -6.2 -14.4 3.5 -4.6 9.3 -3.3 14.0 7.9 11.7 13.2 16.4 -6.1 -1.7 -18.1 -13.3 -5.3 -14.8 0.5 -14.4 6.3 -8.8
-3.9 -0.7 19.8 -2.2 -5.0 -6.0 6.6 -12.6 -9.7 3.2 1.3 -10.4 6.9 18.7 12.4 -1.9 -2.8 0.0 -0.8 -4.3 -2.7 -4.5 -0.1 -16.0 -7.3 -12.9 1.1 -18.9 19.5 5.0 -7.4 12.4 10.1 -19.8 -17.2 3.7 -12.5 14.2 -15.9 -10.5 -2.1 -16.2 7.2 -8.2 -8.4 -11.4 6.3 7.4 11.3 -0.4
16.5 5.1 -17.2 -8.8 -7.9 10.1 15.2 7.1 14.9 -8.1 -3.5 19.8 -5.0 15.1 -0.8 -17.6 7.1 8.8 16.9 14.1 0.8 14.8 12.3 3.3 18.0 -15.0 -6.4 9.1 19.3 -15.9 -14.4 -14.6 2.2 5.6 6.4 10.9 -1.2 15.6 7.9 7.6 -13.5 18.2 -13.8 -14.6 -13.2 12.0 -3.9 -18.7 -8.9 18.8
10
51.24 654.77 958.41 523.64 552.03 996.1 669.59 774.78 399.63 462.15 967.95 317.0 273.64 586.57 801.02 693.35 191.93 14.07 232.09 932.76 378.04 397.74 567.88 949.18 191.11 881.64 204.33 714.03 164.33 332.41 267.24 955.09 629.05 598.51 712.07 636.0 932.82 443.03 178.94 787.99 328.03 491.37 108.93 320.64 384.14 781.47 861.8 234.99 228.66 760.4
429.52 678.86 227.85 109.71 734.54 208.04 777.32 194.87 299.6 565.05 282.32 650.02 496.48 692.65 990.2 742.8 556.01 752.56 844.44 58.74 548.48 707.31 765.64 813.8 887.74 738.49 486.83 709.82 766.55 264.61 213.81 480.41 621.44 745.41 748.69 63.5 893.83 6.12 93.15 57.07 120.88 959.21 888.85 889.38 583.29 957.4 998.97 690.34 934.81 662.28
400.34 409.86 176.56 981.12 745.89 946.72 94.05 896.55 210.09 734.94 231.71 718.66 5.31 724.56 367.08 704.05 728.79 912.38 766.25 566.2 866.98 927.6 484.66 427.66 406.29 578.74 521.97 527.07 185.27 711.13 267.19 711.46 732.82 61.71 841.02 665.26 576.59 320.94 476.82 948.27 193.42 974.02 834.04 687.22 49.75 242.74 664.28 688.16 197.83 897.88
374.79 290.31 95.44 212.46 691.39 912.39 367.07 804.06 466.04 199.58 400.51 358.37 613.38 878.49 589.1 306.24 134.69 624.28 615.53 202.24 130.75 306.54 360.22 288.18 409.52 793.05 225.75 590.03 277.45 824.21 786.98 946.87 504.21 513.85 431.08 681.87 610.5 423.62 44.88 2.43 166.01 237.83 407.03 843.42 514.0 716.94 601.94 565.27 427.62 342.12
329.92 935.82 211.84 288.11 381.96 976.88 738.31 386.09 239.49 131.7 986.24 581.61 829.51 236.97 502.6 197.58 426.78 648.97 422.62 326.31 526.96 732.32 460.49 272.34 182.56 324.67 934.97 205.09 401.55 625.4 549.87 743.14 718.31 279.32 220.24 21.46 816.62 540.43 924.93 226.91 993.81 779.13 144.12 52.8 303.39 155.35 184.44 861.46 573.94 748.31
394.31 645.68 299.24 547.37 850.73 589.42 200.01 707.61 252.98 7.86 559.94 960.44 29.47 866.91 788.38 858.72 775.68 43.69 242.61 758.59 494.21 220.35 726.35 360.13 266.99 548.98 138.2 954.31 385.1 375.29 287.43 783.07 58.28 539.84 634.84 448.89 263.15 552.0 436.63 332.79 984.72 403.79 782.43 994.62 687.81 717.14 512.08 830.87 857.01 68.73
921.22 143.01 256.56 318.57 846.12 448.74 622.95 784.62 967.31 114.06 131.87 683.96 559.0 151.01 845.18 904.45 976.71 241.61 809.71 292.18 241.26 844.07 484.34 308.09 460.74 266.32 907.9 900.93 370.79 995.97 510.41 927.93 687.0 390.51 914.55 518.41 157.93 696.21 442.31 451.8 272.49 985.41 615.91 287.6 266.02 882.81 355.54 488.76 512.98 886.84
677.73 132.87 838.2 961.46 750.8 15.21 107.22 286.69 492.94 503.98 804.39 567.35 478.65 460.02 406.6 385.67 50.42 212.0 636.28 497.95 763.27 438.81 434.23 799.64 391.07 722.8 336.29 404.55 864.47 555.62 488.1 805.61 939.81 921.15 769.67 23.27 557.95 292.03 778.51 436.9 644.64 349.98 184.83 170.85 315.98 226.3 621.88 509.92 184.87 973.51
982.85 401.55 120.06 498.35 659.08 277.19 748.94 843.13 114.22 737.71 148.32 27.79 449.42 944.81 647.47 534.86 7.92 629.58 212.71 34.83 977.18 110.7 584.19 415.19 716.95 424.49 832.41 176.43 682.92 84.57 772.15 693.31 685.15 961.37 553.38 681.24 934.07 966.06 752.85 168.23 932.65 813.52 779.08 336.62 428.78 245.24 560.59 690.75 861.84 963.03
233.33 499.04 304.3 740.52 649.88 430.75 557.84 394.55 540.81 654.26 546.03 181.53 711.58 433.25 175.05 322.81 972.29 646.72 256.79 78.27 431.03 132.36 304.51 114.51 135.94 665.76 983.34 105.3 889.12 170.31 779.64 970.45 822.74 179.95 561.13 613.98 989.53 906.27 714.83 162.64 836.28 902.35 346.6 441.31 143.45 997.93 348.82 252.61 217.63 465.57
