75 25
8.4 18.5 16.3 12.5 -1.2 12.8 2.6 3.6 -7.5 -14.2 14.5 -2.8 3.6 -6.2 -17.5 -8.0 10.5 8.7 0.6 10.5 -8.4 -2.8 -12.0 2.1 -18.4 2.9 -19.6 0.4 9.7 -0.4 12.8 -10.5 -17.4 4.6 11.3 9.4 -1.0 -17.2 17.7 1.4 15.1 -2.7 19.3 18.7 10.7 2.7 10.4 -3.0 -4.3 -19.6 14.4 17.0 -7.1 1.4 9.3 -10.7 -7.5 8.2 12.8 19.7 9.3 -10.7 16.8 -15.9 -0.3 7.1 17.2 9.9 -4.3 -12.5 -17.6 -16.5 18.2 -2.6 -16.5
13.0 -18.3 18.3 13.7 -9.4 9.1 -1.8 7.6 15.9 -10.2 15.8 -3.8 -5.1 -4.4 19.4 -6.2 6.4 -12.7 7.5 -0.3 -14.9 6.0 -3.2 -19.7 -18.1 -15.3 -5.3 9.5 -17.4 -0.5 -4.9 18.8 -5.5 11.6 16.1 -0.8 -15.9 16.5 14.8 -18.3 -16.3 16.7 -10.0 0.8 3.2 -0.1 -5.6 7.6 -14.7 19.7 -17.3 -12.4 6.3 -2.5 -14.9 8.4 -17.9 12.1 -3.1 18.2 -6.3 -4.9 -12.4 12.0 6.8 -14.3 -14.4 7.5 11.0 -13.0 -16.4 -10.8 -19.7 2.4 -12.6
18.8 17.9 11.3 -11.7 6.8 5.4 -4.1 -10.5 13.9 17.3 -5.1 18.0 -8.3 12.7 -7.2 -0.9 -13.1 10.2 -2.3 0.6 10.5 16.8 -9.0 -3.2 3.3 -15.6 -17.9 -1.3 8.1 13.1 -14.2 13.7 18.0 -10.8 -4.1 -3.3 0.3 -19.0 -19.8 -6.3 3.8 -17.8 -8.9 10.2 13.8 5.6 4.7 -7.4 2.7 -0.6 1.4 18.2 -12.2 -5.4 -12.6 -7.5 19.2 -4.5 15.6 -0.3 10.1 -16.0 4.9 10.9 4.7 1.8 15.0 -10.1 10.4 6.3 -16.6 15.3 2.5 9.0 -12.3
10.5 -4.0 11.5 0.6 -14.1 15.6 -15.5 -0.1 -12.2 20.0 12.1 0.4 2.7 2.1 -11.1 3.2 -8.5 -3.4 5.9 -7.1 17.8 -17.5 -1.4 11.1 -19.1 -7.0 15.0 4.5 12.5 3.2 2.3 4.7 -0.2 14.9 3.4 12.7 -4.9 3.3 16.4 -17.1 -5.2 3.6 -11.5 -18.7 -9.4 5.6 -8.6 -8.2 -12.0 11.6 -18.9 -15.6 10.7 10.5 4.0 17.1 5.3 -1.4 -8.5 10.8 10.5 -19.8 7.9 -14.9 17.4 8.2 -1.0 6.6 11.6 -11.5 14.9 12.8 8.1 -17.4 7.9
7.8 14.5 -2.2 -13.8 -14.2 9.1 6.0 -17.3 0.7 -10.0 -15.6 -15.0 -8.5 -6.5 6.4 -2.8 -11.6 7.8 -14.5 -13.7 6.4 -5.7 -10.4 7.1 -10.9 -5.0 -19.9 -16.7 6.3 15.6 -4.9 10.8 3.9 6.0 14.8 -16.2 -11.7 10.0 -8.4 -8.7 11.0 18.4 -7.0 -0.2 -11.9 -9.4 7.1 7.4 -19.0 4.0 1.9 -10.6 18.6 -5.3 -4.5 -2.3 -17.0 4.9 6.8 -6.0 -12.5 -0.5 -17.1 7.8 9.2 -3.7 -8.4 5.7 -6.0 -18.5 10.4 -1.6 12.6 3.0 -2.0
8.5 -12.5 7.5 -2.8 9.2 5.3 9.4 16.6 15.0 15.4 17.5 19.8 9.9 7.5 11.8 -17.7 2.5 -3.6 -12.0 -6.2 -11.8 9.7 -5.3 -15.7 16.1 1.0 15.1 8.9 4.0 19.1 -4.7 14.2 14.6 -7.4 -6.9 13.8 12.8 17.0 9.5 -0.7 6.1 14.1 -19.2 17.5 -0.2 -15.4 13.9 -6.2 -2.6 15.0 18.5 -19.5 14.9 6.2 16.7 9.6 -3.2 -14.6 15.5 18.0 -15.1 2.9 -11.4 -13.2 -18.5 -6.1 -15.2 -16.3 0.9 2.7 0.6 -3.0 15.1 -2.4 14.0
18.2 -3.5 6.9 18.3 -3.8 -7.1 -6.4 -4.3 -4.6 4.9 14.9 12.3 -9.5 -6.9 19.3 3.6 -16.2 -12.1 -4.8 5.7 -19.0 -5.0 -12.8 -11.0 15.0 -5.1 9.1 7.0 -14.6 -17.5 -14.0 14.5 -0.5 0.7 -2.1 6.9 -19.4 -8.1 6.2 -7.4 -2.7 2.8 1.5 -5.7 -18.4 -7.0 14.2 -3.2 14.3 8.4 -4.0 14.5 5.0 -11.2 -1.0 -2.3 17.4 8.4 15.6 -18.1 -15.1 -8.4 14.4 -3.1 -12.1 -15.9 1.1 3.3 -15.3 15.4 -16.0 -14.3 1.9 9.5 7.1
5.3 -8.2 -20.0 13.9 5.8 -5.0 -3.8 -16.6 16.1 -6.4 9.5 6.6 12.9 -16.8 1.7 -14.1 -0.4 -9.7 14.6 16.8 -7.3 2.8 15.1 -0.8 5.3 -11.4 1.1 -2.9 19.2 -17.8 2.9 -10.7 1.2 7.1 -11.6 -14.7 16.5 -14.7 -9.3 -4.4 3.9 11.7 2.3 -11.1 -5.3 9.7 1.1 20.0 16.3 -13.9 1.6 11.8 10.1 6.6 1.1 -13.9 16.8 -13.4 -6.7 19.0 -18.4 -8.2 -12.1 -12.1 -6.8 12.3 -10.8 1.1 -6.7 2.1 12.7 -17.3 7.6 -16.5 -8.2
16.3 -3.4 11.7 -7.9 10.2 -5.8 -11.3 -0.1 -12.6 8.0 6.2 11.4 0.5 -14.9 -16.0 -5.7 -13.9 -14.0 0.6 14.7 16.9 3.4 1.5 19.4 -18.4 14.0 15.5 -3.9 16.6 6.9 -3.5 -5.2 18.5 14.7 -5.6 5.0 -7.0 2.5 -12.7 -18.2 5.3 4.3 -7.0 -9.4 -5.8 5.6 7.3 -15.0 17.8 -8.0 -2.4 7.2 16.7 -6.5 -2.1 1.1 11.8 15.6 -11.0 -19.1 -17.7 -6.5 7.7 -6.3 -13.6 -2.8 -7.7 18.0 1.2 -0.4 -1.3 16.1 -3.6 9.5 10.0
1.2 4.3 -4.9 -16.0 -17.2 2.1 -6.2 1.2 -19.1 13.9 -10.8 9.6 -6.6 8.4 15.1 5.3 -3.2 5.3 1.0 -12.8 -14.2 0.0 -11.1 6.7 0.1 -19.2 12.0 -11.0 17.1 -8.5 11.1 -0.9 13.3 0.2 -17.7 0.9 12.2 6.8 -19.4 -3.4 -9.2 14.4 16.4 -15.9 -17.4 -14.7 18.3 1.7 -0.7 11.6 -5.7 13.0 -20.0 0.5 7.1 -16.1 1.7 -5.2 -0.3 -8.5 13.3 -19.7 -8.6 19.4 1.6 -17.3 17.1 9.7 -14.1 -5.8 -13.7 -16.5 3.8 1.4 1.6
-4.9 2.7 -2.7 7.1 -6.3 14.6 13.6 -10.7 -10.1 17.0 -10.0 7.4 -18.0 12.4 12.5 -18.7 6.2 0.5 -8.7 15.8 -2.2 -6.2 7.5 12.2 13.8 -5.4 17.6 5.5 -9.2 2.1 9.6 -15.7 -13.8 6.1 7.9 13.0 2.2 17.3 2.0 0.2 -9.0 0.9 -18.4 0.1 -8.0 -2.2 17.9 -18.9 -18.5 -17.8 -9.6 -6.9 1.4 13.8 -3.2 -15.7 -3.1 11.2 3.7 -18.3 5.1 10.0 6.0 -1.9 -18.3 8.5 17.7 7.5 -9.8 9.7 1.4 -14.0 4.7 -12.3 -12.3
5.7 -9.0 15.2 -16.6 -3.3 -7.6 16.3 -1.2 -14.1 5.8 -16.0 -8.4 19.6 -18.4 16.4 4.7 17.2 -7.3 -8.0 5.4 19.3 -17.4 -18.5 9.9 -5.5 9.3 -8.6 -5.1 -17.3 14.0 12.1 5.0 18.0 -9.7 -18.3 2.1 8.9 7.0 3.2 6.8 4.8 -7.6 -9.3 13.4 3.7 -3.1 -5.8 -12.2 11.0 11.9 -2.7 -16.3 9.1 14.8 12.3 -6.3 -11.3 -1.5 -9.4 -9.7 8.9 2.3 5.1 -5.1 13.4 17.8 16.3 10.5 -3.8 -4.0 14.9 10.3 -4.3 19.1 -11.1
13.1 -11.2 -10.1 4.5 -11.2 9.0 -19.1 -15.5 -4.9 -19.2 18.5 3.8 -8.8 2.7 -5.2 -14.4 2.5 -4.8 16.1 14.1 -6.7 -9.1 -5.8 -8.6 17.4 -4.8 -4.8 -7.7 2.8 -18.0 11.4 3.3 17.3 13.2 -9.2 -10.6 -16.0 4.8 -12.2 -5.5 -5.9 13.5 -13.0 19.3 -5.8 6.0 -14.5 -3.9 2.5 -5.3 -3.4 12.5 -18.0 -7.9 -6.6 -17.1 -18.5 -19.1 -15.9 -13.7 -13.9 3.0 -2.3 6.9 9.2 0.5 11.4 7.4 -15.8 -0.2 18.5 -11.9 12.3 1.1 -7.3
5.6 15.2 -8.7 -10.2 -17.6 -7.8 -19.8 16.3 -2.3 5.9 17.1 -4.1 -13.2 -16.8 18.5 -6.5 5.9 -11.0 16.2 5.7 -3.9 7.1 -17.3 -3.9 3.6 6.8 -19.0 8.3 -2.9 7.5 -6.1 12.4 11.7 5.4 14.7 1.8 -17.1 -7.3 -1.5 3.4 -7.2 -1.7 -13.0 -9.5 -1.7 -11.5 3.0 3.0 19.3 16.5 5.7 4.9 -14.7 -15.1 -7.3 -4.4 9.2 -12.0 1.3 17.2 15.4 -8.6 -6.2 10.8 2.5 -1.0 4.1 -10.3 -18.2 -14.7 2.4 -1.6 6.4 9.0 -1.0
-16.6 -13.9 -16.2 -13.8 14.3 -16.3 -14.1 -12.3 1.4 16.1 -7.2 15.3 -0.1 12.6 -12.4 4.6 18.8 -11.1 -1.5 19.6 -18.3 17.5 7.7 9.5 -0.9 4.0 -8.3 -17.6 -9.3 -14.9 3.5 -10.6 19.8 18.5 14.5 -17.3 3.9 -15.6 16.8 -13.6 9.0 -12.8 16.8 -3.3 8.5 -11.8 -17.0 -12.0 18.4 6.3 16.4 12.1 -16.1 11.3 13.4 -10.9 -16.8 -10.9 -13.9 -9.0 -8.9 5.2 6.1 -8.8 19.1 15.1 12.5 -16.3 5.5 5.6 -16.3 -4.9 -4.6 -3.0 14.8
9.7 1.5 11.3 -13.9 14.7 -18.2 -19.4 2.0 -5.1 10.4 -19.8 -1.3 -15.7 -1.3 17.1 10.8 15.1 -0.7 14.8 14.1 11.1 17.3 -4.6 14.1 -10.6 11.3 4.8 -16.1 -2.9 -2.5 -19.2 4.0 14.5 -16.7 15.2 -4.9 12.1 -16.1 12.0 -14.4 15.0 9.0 13.7 4.2 11.6 -5.2 3.6 2.2 0.1 -2.6 1.3 12.5 -2.2 5.8 2.3 4.3 -10.0 -15.3 -5.3 3.4 -17.5 13.0 5.9 11.6 -16.0 12.3 -0.5 -9.4 -3.4 -20.0 19.4 -8.7 -16.1 13.0 -7.0
0.0 -11.7 6.2 12.1 5.4 13.6 18.8 -10.1 6.9 -17.3 17.4 17.9 -8.5 -5.1 8.1 5.5 -7.3 16.3 19.0 2.4 13.3 17.0 14.9 -17.6 14.5 -15.1 -14.6 -2.2 -15.8 -0.1 -14.4 14.5 -18.4 3.3 -2.0 -11.4 0.8 -14.0 -8.5 15.7 12.9 -0.6 5.2 -2.5 7.4 -13.1 17.6 14.6 9.0 -10.3 0.7 8.0 -14.3 4.4 -12.5 10.7 -14.3 -15.8 -18.2 -9.4 11.5 -5.7 -14.2 -18.9 12.9 11.5 -1.8 10.4 14.2 -19.4 -13.4 10.2 -12.6 -3.5 3.5
0.0 -1.0 0.1 -13.9 -0.7 0.7 -15.8 -11.0 -12.6 13.4 8.6 8.8 -2.1 -4.1 -2.0 9.8 -18.1 -18.6 -16.2 10.6 -0.6 17.1 6.5 3.0 -4.9 -9.9 -6.1 -17.1 -10.8 17.6 7.8 0.3 7.6 -2.4 10.7 -5.1 -8.8 16.1 -1.7 14.7 -2.5 -3.7 -10.1 12.2 15.6 11.7 5.0 19.9 -11.6 5.5 8.1 13.0 -12.4 -17.8 14.7 -8.4 -11.7 -6.4 -1.2 -14.6 -2.2 20.0 -4.7 -15.1 2.0 -1.9 -13.5 10.8 -8.9 7.0 -6.3 -14.4 2.7 -3.9 -7.0
-13.6 -0.1 -10.0 15.8 15.9 3.7 -17.9 11.4 12.7 2.7 10.5 18.6 14.3 19.2 -19.5 -9.5 6.2 15.2 9.3 -18.5 8.3 19.8 -15.7 -2.9 2.0 14.8 11.5 11.9 11.7 -17.0 18.5 3.0 -10.7 2.6 -12.2 14.8 -10.3 -5.2 -16.1 -14.9 1.2 -18.0 -15.9 -9.0 10.4 18.6 -12.7 4.3 -8.8 -6.1 16.0 1.2 -6.3 -15.8 -5.7 12.4 14.3 -13.1 -1.7 -4.0 -4.6 17.3 -14.0 0.1 -6.2 13.5 -19.9 15.8 -5.7 10.1 9.5 16.6 -2.5 -7.0 3.1
9.1 3.6 1.1 9.4 5.0 -4.2 13.2 5.7 16.6 -8.2 5.8 6.3 -17.0 -12.2 -11.2 -7.1 19.7 10.5 8.1 -2.4 18.8 -8.8 -11.9 18.8 -20.0 8.1 1.0 -3.7 -17.5 -4.1 16.9 19.1 19.2 7.7 3.0 -4.7 -19.0 -2.6 13.5 11.1 -11.1 -13.7 -10.4 11.8 -17.0 -0.7 -6.7 -6.0 2.9 8.5 0.8 -19.1 9.3 13.4 18.0 -10.5 -6.0 2.3 11.6 -17.0 -2.4 15.2 6.8 8.8 9.7 -17.1 5.9 -15.4 11.7 -3.4 0.4 4.6 14.4 0.3 -11.5
-8.0 3.9 11.2 -13.0 -2.1 12.9 10.9 13.6 16.9 -12.8 -13.8 0.2 -12.9 8.8 2.0 16.3 6.1 -6.1 17.1 -8.3 -5.7 -4.9 1.4 9.1 7.8 8.5 17.0 -19.6 16.7 0.0 -19.0 3.2 16.1 -9.6 17.1 19.3 6.3 -16.8 14.2 -10.3 9.0 6.9 15.7 15.0 -15.8 18.2 14.6 19.3 4.3 10.4 -13.8 -1.2 -16.5 -1.1 5.2 18.7 13.6 16.6 9.5 9.9 -11.7 -16.2 -8.8 -5.1 -0.7 3.1 1.5 -1.7 -19.7 4.4 11.7 -13.9 -16.9 -5.3 -13.6
7.7 -15.3 -2.8 -6.8 -8.9 -5.8 16.4 8.7 -18.0 -6.7 6.5 -11.4 -16.9 -1.1 10.6 -0.2 -17.1 15.2 9.1 -12.2 -6.2 -9.9 -1.8 -10.4 -7.1 12.1 -5.8 2.1 -9.8 13.6 14.5 -15.3 16.9 0.7 3.6 9.8 9.9 0.1 16.1 -9.4 8.8 -17.9 19.1 12.2 16.4 19.6 10.6 -16.8 -0.1 -10.3 -10.8 19.6 7.4 -19.5 14.3 -4.3 3.0 11.6 -4.2 -2.8 -7.3 -11.1 18.8 0.9 9.2 6.8 -14.9 -4.9 -1.5 -2.5 -11.8 8.1 8.6 -7.9 -6.0
-2.9 -3.3 14.2 -18.7 15.3 18.8 9.1 17.6 3.9 11.1 -18.0 -8.5 -19.4 -6.1 -11.1 10.3 13.6 -15.2 6.7 -5.7 18.7 -4.6 12.3 13.1 8.6 12.9 12.3 3.4 -0.5 -19.7 -8.5 -16.5 -18.5 16.5 -2.2 1.5 10.5 3.8 10.5 -9.1 11.7 17.5 4.9 -10.8 -5.3 -19.3 5.8 -16.1 -6.6 0.0 -7.7 8.0 -17.7 9.6 8.3 -13.6 -12.8 -13.2 1.5 1.4 -14.0 -4.5 7.6 -5.5 -17.0 -5.0 9.9 3.0 -5.7 -2.9 -0.8 -3.5 4.6 -14.8 -18.4
-7.1 -19.4 -17.0 13.0 15.0 -6.9 14.2 -14.6 -16.4 4.1 9.9 4.1 8.8 6.6 -19.1 -11.0 0.1 -5.5 -11.6 18.6 -10.4 12.8 -9.8 -0.3 -10.9 17.2 -12.2 3.2 2.5 13.2 3.2 11.0 -19.9 -5.8 -2.4 11.7 13.9 7.8 9.9 9.4 17.5 -17.8 -12.5 -5.3 0.2 -14.4 16.7 17.1 -11.9 3.3 14.1 -13.3 4.3 1.7 -19.2 3.1 -0.3 -8.5 -16.0 18.1 -14.6 13.8 -15.1 1.8 -11.4 0.8 12.7 15.0 18.2 19.7 13.7 -2.8 -0.9 -7.5 -10.3
15.3 19.7 -12.9 -3.2 17.6 14.4 -10.2 -15.2 14.2 17.0 -4.6 -0.3 -14.3 -14.5 -6.1 0.5 -15.3 7.1 -9.9 8.8 -4.9 -1.5 0.9 -14.4 6.4 10.2 -11.6 2.8 18.7 -0.7 9.8 11.3 -13.7 -20.0 17.9 -6.3 18.1 -16.0 -10.6 18.0 15.2 -9.0 -7.2 -0.8 -3.6 6.2 4.1 -0.8 7.4 -4.1 16.8 -10.4 -12.5 6.6 15.1 -11.5 -15.0 -12.5 7.1 11.3 -5.5 -5.0 -7.6 -12.2 8.8 -10.3 10.0 -13.7 3.3 -8.2 -7.9 -16.0 -19.3 -13.9 0.2
25
549.91 503.46 590.26 575.22 614.7 916.01 294.29 55.51 804.51 490.37 74.4 844.6 100.04 732.09 182.66 287.64 830.39 233.19 155.38 895.6 563.0 121.68 687.87 137.49 267.27 220.68 107.39 544.24 520.21 205.88 457.91 879.91 511.71 201.83 541.15 546.64 307.6 167.43 626.15 777.37 877.26 398.01 674.98 316.06 363.39 939.08 646.78 402.17 276.42 328.35 840.31 529.89 925.5 429.27 578.97 685.77 64.33 787.79 13.98 868.51 39.78 202.89 833.51 824.24 532.29 393.48 278.35 13.9 406.02 427.33 168.64 421.58 725.81 779.46 24.21
722.04 28.85 949.11 99.22 310.38 417.56 693.95 817.1 393.68 598.99 472.24 197.47 796.41 516.98 841.56 158.08 326.62 920.82 24.09 630.94 450.23 607.24 943.22 109.05 614.25 535.34 277.91 218.12 629.85 424.01 602.19 849.69 565.83 994.42 156.13 8.62 867.77 942.87 187.86 557.27 900.76 71.58 27.43 813.27 755.22 569.78 732.82 565.06 862.55 348.63 876.26 696.86 64.33 579.25 27.91 475.84 700.32 328.75 360.23 788.32 392.08 618.21 119.67 983.98 539.44 14.35 830.34 14.48 716.44 913.82 36.71 526.35 233.94 539.3 306.54
125.21 10.68 153.52 986.43 383.65 403.49 474.63 256.11 682.09 387.52 981.29 800.75 905.74 697.71 630.25 995.09 205.45 380.76 469.15 234.76 385.63 565.46 578.08 674.75 419.38 263.2 620.28 380.92 737.93 932.4 359.13 446.68 172.3 24.73 354.13 886.66 572.9 75.24 472.37 176.99 278.81 942.81 154.0 365.81 852.4 461.7 916.98 850.36 962.41 196.76 857.94 416.44 870.72 209.43 120.55 638.6 775.53 946.95 941.13 901.74 511.5 800.16 689.48 197.74 874.54 517.95 109.83 358.63 648.75 195.55 173.6 455.99 10.91 389.76 631.65
458.43 595.66 624.95 182.47 941.94 466.71 350.03 166.66 251.21 699.3 902.82 952.81 458.63 780.53 907.11 25.9 716.5 103.24 510.5 812.47 258.44 734.32 293.64 413.38 86.42 766.46 80.75 585.11 751.08 228.21 352.53 112.8 493.45 421.77 173.5 933.79 970.44 687.5 981.39 695.33 594.06 782.0 119.73 609.3 290.4 114.39 882.87 247.85 260.85 5.29 33.98 528.17 969.45 883.86 319.42 399.82 790.0 641.17 337.17 65.9 757.3 735.73 239.36 383.99 325.87 366.68 581.77 898.22 877.77 128.03 183.07 573.45 645.28 797.34 471.41
237.69 104.76 734.02 709.73 282.42 868.41 574.92 140.88 54.27 386.12 688.95 763.57 736.66 235.99 245.87 342.56 112.0 983.55 911.32 196.67 510.11 96.43 162.25 172.25 610.72 723.97 28.62 634.04 93.14 886.42 312.42 567.68 61.91 753.61 756.31 572.83 727.76 267.28 194.0 96.04 343.99 89.91 44.34 733.68 343.96 127.46 73.93 299.35 458.71 127.71 441.19 572.15 712.41 601.67 937.91 813.53 939.95 916.8 618.84 181.01 982.51 559.52 223.14 647.93 691.77 109.94 62.23 412.11 341.08 949.58 692.48 662.03 269.04 110.1 250.14
4.13 967.02 813.68 256.74 444.13 428.19 825.06 725.96 256.65 341.89 942.9 418.91 230.95 923.72 315.52 568.99 507.61 746.56 300.47 648.9 349.14 803.55 504.88 491.42 523.35 724.17 567.34 661.72 283.66 309.18 983.15 106.82 500.24 637.52 24.35 416.07 193.76 729.95 488.78 113.35 998.12 583.12 746.16 838.95 761.4 577.83 543.98 472.15 262.21 519.77 836.36 711.61 618.04 479.32 598.2 219.32 961.72 915.71 703.09 220.89 898.78 562.2 685.17 761.56 853.08 464.15 908.82 619.81 308.3 747.83 382.33 903.49 601.7 114.09 204.85
939.46 800.23 139.79 900.37 523.4 565.11 156.29 802.58 777.76 525.99 512.4 560.86 132.4 219.78 619.67 256.82 86.69 162.47 207.63 893.22 949.33 186.47 954.1 362.72 733.19 126.5 814.76 726.12 135.37 809.73 145.43 980.31 957.43 932.13 856.5 886.37 73.22 734.04 716.66 462.33 980.68 65.22 617.25 455.68 412.47 512.76 488.49 270.54 278.13 621.7 568.68 106.5 826.12 912.51 889.41 399.82 477.2 795.2 931.44 144.25 433.66 249.99 343.89 412.05 519.93 701.35 980.45 929.12 756.62 566.1 895.04 216.79 281.46 555.32 721.44
826.06 163.59 218.47 853.69 188.29 540.39 415.96 818.61 707.42 580.77 980.66 685.54 200.59 871.88 982.19 493.34 116.44 145.01 776.67 489.12 454.2 547.43 11.47 292.21 768.51 654.63 171.75 869.01 632.61 725.0 2.21 641.28 780.26 828.95 212.91 320.01 209.27 258.47 939.73 966.84 720.04 412.15 876.41 661.48 989.83 691.38 868.16 603.67 927.56 160.57 902.64 119.92 399.67 706.98 507.18 13.38 474.12 462.8 901.07 221.02 642.71 605.61 467.47 732.88 117.89 333.99 335.47 876.68 12.48 117.94 326.64 699.15 956.74 13.32 770.78
38.27 296.08 966.59 830.5 154.27 747.0 28.99 966.83 321.96 785.53 234.63 681.74 625.39 30.96 957.44 385.15 66.39 853.56 901.92 664.83 697.6 77.25 782.56 274.41 398.81 372.5 585.03 222.11 846.55 160.64 148.24 842.0 619.4 148.07 911.27 340.24 175.88 681.74 896.01 693.44 578.81 508.79 683.26 228.93 930.97 459.65 848.51 730.17 200.09 161.3 569.77 669.63 512.64 214.06 68.67 976.4 344.29 502.78 226.1 776.45 232.11 129.77 326.45 359.73 316.7 3.92 405.5 177.85 968.82 134.69 100.33 393.98 21.51 596.03 163.24
205.14 325.0 505.88 444.43 666.39 560.45 618.51 784.77 196.21 990.82 722.06 393.92 280.37 66.24 104.9 330.75 942.68 739.27 270.28 239.25 540.27 219.62 739.46 657.12 778.81 942.76 733.12 465.34 914.11 407.04 511.58 118.5 326.12 749.52 289.42 133.46 471.82 852.51 887.05 795.91 639.53 937.33 380.65 817.39 57.66 119.22 954.01 840.3 710.36 72.03 759.96 965.31 612.84 167.74 475.36 110.77 718.25 291.94 154.39 929.3 845.21 623.92 624.55 409.01 331.81 405.07 766.54 534.77 30.41 402.43 928.42 159.97 330.97 485.36 127.57
447.43 869.41 353.94 23.29 665.21 961.41 499.27 198.87 210.48 83.35 965.51 711.6 624.44 640.88 397.3 986.08 329.83 876.14 437.17 242.21 768.39 925.66 640.35 812.25 753.05 912.89 123.35 275.04 843.81 479.37 573.37 443.67 108.99 431.55 860.02 139.37 468.41 17.64 940.21 366.4 347.94 953.51 213.09 426.42 671.02 777.78 461.69 257.77 572.74 792.62 284.67 818.91 872.63 666.3 384.34 783.86 585.1 537.42 37.13 883.41 186.55 642.51 949.12 870.06 930.03 249.47 896.1 636.71 671.53 328.96 702.66 953.39 692.62 538.5 918.12
898.77 751.89 612.02 338.92 748.26 280.07 546.77 607.17 287.62 833.16 244.26 992.0 213.61 252.02 298.53 155.86 738.44 555.48 783.32 810.55 451.26 555.47 532.85 69.31 211.37 846.11 846.62 801.94 516.38 45.8 301.82 894.81 568.8 564.14 364.05 812.1 59.84 593.91 308.32 323.52 57.72 249.09 439.61 502.57 906.81 298.11 739.47 240.99 702.87 419.04 264.82 790.65 818.97 167.69 760.03 251.27 867.47 605.44 931.0 223.38 879.75 886.67 133.12 78.66 295.58 566.28 136.29 258.2 120.7 430.36 765.78 102.02 330.43 244.97 358.13
79.58 15.89 274.75 985.19 947.06 705.76 163.43 506.65 383.67 730.77 860.38 198.08 483.36 844.0 575.62 277.05 200.23 737.47 367.15 310.4 823.83 238.95 597.57 424.33 39.49 772.08 561.79 753.49 844.57 542.3 738.31 832.57 484.9 397.73 520.52 419.68 916.48 277.01 278.55 997.14 753.29 206.42 856.01 928.16 205.76 352.87 915.64 157.98 424.81 205.63 213.54 319.63 882.17 690.17 703.61 535.06 889.85 876.4 99.76 492.27 190.02 751.45 806.59 502.77 82.5 74.45 927.25 539.25 494.24 380.95 3.89 262.56 767.23 380.9 253.05
579.72 316.56 973.32 640.31 597.16 213.45 773.57 768.32 539.05 412.26 469.22 126.2 405.22 14.3 538.13 799.96 191.43 804.67 397.01 16.54 497.02 219.13 297.8 654.03 607.3 641.83 572.58 873.7 295.07 867.45 26.14 226.79 517.5 792.73 857.3 959.47 738.04 984.13 387.24 309.61 128.11 502.91 179.65 526.49 234.49 606.83 82.84 770.89 12.52 628.18 537.43 976.72 39.62 744.66 417.53 141.35 435.23 246.27 666.27 896.41 453.2 728.11 619.82 326.08 872.95 290.79 153.97 917.97 895.03 254.31 592.31 556.06 424.95 914.86 914.06
264.56 407.82 195.8 274.74 66.99 695.66 81.44 141.12 995.48 207.56 947.11 633.49 578.0 67.95 612.55 65.65 385.05 482.19 118.06 263.42 830.06 851.35 184.49 395.65 620.65 343.9 326.79 715.86 13.23 267.04 348.5 866.4 216.79 26.12 463.25 346.61 677.23 629.09 967.66 394.11 569.19 288.79 815.8 118.07 488.53 963.19 76.12 346.07 167.61 842.44 129.09 543.97 729.92 460.86 95.67 30.41 943.26 149.5 996.8 104.14 694.84 386.94 326.08 22.09 924.92 768.42 565.69 32.38 769.88 517.86 301.08 743.65 159.03 287.21 236.4
929.01 724.86 733.27 2.06 576.72 996.05 558.51 115.92 938.56 135.59 850.38 429.54 414.19 601.66 949.59 497.05 351.85 560.98 272.63 202.41 13.15 506.83 511.49 457.14 835.85 288.28 442.96 700.77 738.72 515.75 94.41 190.03 768.85 676.71 87.35 354.77 179.3 752.51 745.18 620.71 486.69 573.56 385.89 645.18 335.13 145.02 517.05 69.33 454.3 84.66 615.23 109.82 710.17 203.9 435.15 112.62 420.4 953.32 170.48 97.34 822.55 591.72 316.96 951.86 523.25 337.06 272.84 698.46 415.11 158.15 324.78 170.99 264.32 704.06 147.38
587.04 393.42 351.42 6.47 766.17 248.66 404.53 86.97 836.65 675.39 429.54 604.89 683.8 846.82 255.57 448.31 656.64 870.34 269.22 333.99 442.9 401.72 147.82 938.27 668.24 744.26 533.09 75.39 204.75 530.3 167.24 942.74 485.29 313.91 941.35 17.96 409.12 520.01 20.87 993.96 611.03 829.73 343.24 884.66 587.71 793.48 24.59 349.17 819.01 124.92 871.38 959.33 556.27 711.52 946.73 290.57 616.99 55.04 163.0 987.03 346.93 741.1 761.74 957.45 232.94 740.3 661.73 781.88 421.75 748.64 953.1 436.27 760.29 603.57 498.78
436.98 793.23 965.94 3.51 825.7 56.45 367.49 469.01 712.75 468.61 950.77 603.53 445.75 743.66 869.54 808.97 117.9 804.93 916.73 164.68 898.18 163.02 155.89 436.53 10.06 97.33 446.48 407.91 539.95 147.24 920.08 842.16 316.6 218.28 234.91 583.49 371.97 155.95 310.42 429.89 310.77 602.77 139.58 45.15 268.05 316.65 165.87 697.02 113.56 497.23 898.72 953.34 535.31 39.82 139.96 752.73 385.14 856.1 239.06 370.15 368.08 625.6 390.74 819.92 240.44 235.01 962.15 447.66 492.36 278.49 782.62 60.48 742.11 232.96 966.9
397.25 326.49 465.45 268.62 498.5 581.89 159.99 366.49 710.98 119.2 161.13 865.19 651.86 870.28 317.75 574.54 512.99 366.86 714.7 733.96 306.29 13.25 6.63 938.56 884.75 223.25 455.82 33.49 614.91 51.04 531.01 789.02 682.58 982.86 439.97 145.83 643.42 742.11 715.12 275.37 853.84 370.8 214.82 601.37 999.65 913.41 73.19 142.66 468.87 549.82 264.2 212.36 23.37 539.11 30.79 873.85 348.39 899.92 499.53 983.1 960.87 155.37 799.61 136.56 236.24 961.88 52.63 595.98 807.97 744.98 512.71 110.63 892.21 329.29 730.71
783.38 864.43 320.93 151.81 880.97 229.61 75.88 833.22 386.96 506.97 161.85 34.91 527.29 30.7 517.34 174.13 580.89 816.28 140.47 808.84 738.41 426.98 953.47 566.82 277.6 96.74 742.17 411.82 282.46 482.54 75.56 666.52 905.5 746.24 497.17 701.48 467.82 593.97 808.17 918.25 468.65 468.88 884.16 356.27 153.65 946.1 953.8 237.71 452.36 606.42 863.49 172.77 417.1 819.01 639.55 878.87 676.82 285.08 533.66 186.17 726.78 342.91 694.44 629.74 521.44 394.4 381.06 691.08 508.54 401.94 442.91 801.0 655.22 732.34 201.25
69.8 886.26 358.75 865.63 697.7 311.98 257.79 986.56 896.61 489.21 663.71 707.32 808.66 81.58 45.59 817.77 501.91 280.99 705.49 855.9 575.63 407.11 158.3 408.89 983.17 416.47 745.32 849.55 555.97 892.15 588.69 242.89 781.38 351.99 115.82 123.89 913.31 811.78 394.53 479.34 702.0 355.98 271.11 473.74 198.1 244.12 852.63 151.57 379.8 481.29 345.37 176.18 661.07 344.55 656.74 234.26 902.71 663.01 786.2 689.15 582.47 397.2 349.41 380.62 631.62 372.95 912.79 913.26 124.4 232.92 671.13 995.89 600.32 514.57 261.05
64.74 499.71 201.74 817.86 985.98 182.73 182.44 361.52 255.92 147.81 714.74 531.17 819.86 384.97 868.02 806.92 505.35 121.4 22.68 269.94 253.16 958.19 923.43 777.21 656.91 418.55 791.82 284.3 88.44 900.77 381.91 375.93 546.38 73.99 850.27 722.3 188.09 851.23 402.37 710.37 671.25 173.84 926.43 826.78 393.16 787.29 79.21 706.37 702.04 313.8 322.99 865.21 870.83 860.81 54.78 744.2 375.69 428.12 877.25 6.32 661.26 974.41 842.96 738.29 56.65 988.97 489.94 679.96 17.05 944.17 294.15 66.08 791.18 618.72 638.04
918.36 500.2 980.71 63.4 80.73 498.35 65.92 929.53 881.69 289.22 320.09 168.0 648.58 649.78 263.25 333.77 387.73 308.87 92.99 564.39 35.7 107.99 795.96 79.04 315.45 588.85 285.34 726.87 565.34 259.35 730.04 845.51 503.16 736.22 305.18 563.55 639.68 856.07 39.07 357.44 745.17 750.95 557.8 806.89 71.76 361.83 176.14 72.56 345.82 58.49 240.9 404.85 517.4 311.68 773.56 936.77 248.25 754.76 356.5 794.68 787.12 332.36 948.56 415.46 529.41 134.76 846.24 255.21 2.8 279.48 495.23 896.14 478.85 301.29 891.22
256.32 117.99 709.76 16.68 13.73 611.54 409.19 245.46 285.66 752.27 436.2 845.7 440.52 666.24 362.12 873.34 784.33 643.34 242.82 810.73 347.57 189.02 648.12 801.79 899.0 372.04 475.49 455.88 650.47 433.69 84.41 40.6 458.68 490.98 689.63 451.34 109.01 806.05 750.88 704.14 923.61 584.3 479.78 589.18 811.44 795.46 668.19 9.84 177.14 999.18 410.27 70.38 953.98 376.97 129.45 51.14 773.09 47.54 749.54 529.08 730.61 537.44 210.63 869.22 892.81 392.78 377.23 460.5 244.75 738.33 838.24 194.58 571.21 818.29 2.73
730.1 846.09 770.94 79.0 153.69 677.9 453.97 134.6 749.05 62.41 812.64 687.54 740.69 406.93 867.71 686.09 472.44 365.79 77.75 61.2 157.43 830.63 222.02 859.14 335.16 629.59 775.9 995.08 1.97 672.75 782.69 467.93 285.21 827.7 283.82 670.85 439.59 612.02 627.78 531.05 965.45 895.81 456.11 476.01 219.87 378.17 814.71 362.91 967.71 391.47 769.52 875.16 353.03 751.05 117.33 861.35 579.52 529.4 133.69 741.51 979.04 385.15 579.64 945.16 638.9 400.48 151.6 495.1 958.12 112.3 721.12 422.99 531.06 994.5 545.85
