100 45
18.7 -8.2 -9.0 11.7 9.3 4.4 -2.8 -3.2 -14.2 -10.5 -9.9 18.7 4.6 2.4 -1.5 -17.7 2.7 -9.2 1.7 -13.9 18.0 -12.3 11.0 2.6 -19.7 -9.2 -8.0 -8.5 13.0 -11.1 -14.1 -13.5 -15.3 -2.8 -20.0 4.3 -9.0 6.0 -1.5 0.1 8.7 10.9 -0.4 -9.9 4.0 -16.9 12.6 -0.4 18.8 -6.4 11.2 -5.7 -9.1 13.9 1.3 16.2 -12.8 -12.1 5.3 8.7 18.2 0.4 -15.3 17.5 -16.4 -8.1 19.2 -18.1 -15.3 5.3 -12.8 -18.7 3.7 13.3 -19.0 11.8 17.0 -12.3 7.9 19.2 -9.7 9.7 -12.1 14.1 8.7 11.5 -18.0 15.3 0.0 -18.1 -4.7 -17.7 -11.8 11.7 -12.2 -16.5 8.6 18.5 -13.8 9.7
14.5 17.0 14.6 14.5 12.1 -3.2 8.2 -16.8 19.1 0.8 16.1 2.6 -8.6 -7.9 12.8 -7.4 -11.5 -16.6 -16.6 13.5 14.3 -5.6 -1.3 4.5 16.8 -11.5 -17.7 -0.2 -3.3 -11.8 -16.0 -15.4 -12.6 -3.9 15.3 -16.2 -1.6 17.8 -10.4 -13.7 -18.0 16.3 4.9 -12.9 15.2 -0.5 2.5 12.7 17.5 -6.4 -7.6 -0.9 -16.3 6.7 -3.1 -14.0 -4.8 -16.2 -10.7 -5.4 -18.3 -16.1 13.5 -6.3 7.6 -12.9 -17.4 19.1 19.5 -0.2 -10.0 -4.3 17.0 19.1 -16.4 -0.6 -16.0 -12.2 5.1 -18.9 4.1 4.6 -6.0 2.5 -9.0 -14.5 -11.2 18.1 -14.6 -10.9 9.3 11.1 1.8 0.6 4.3 7.5 -12.5 6.1 -13.8 1.0
-13.0 10.4 -6.3 -4.5 -0.9 -18.7 7.9 -14.0 -12.0 -3.7 -7.7 11.6 4.7 4.6 10.1 13.5 -12.1 4.5 12.4 1.8 5.0 16.1 -6.0 -4.5 -8.9 2.1 16.0 0.2 -17.5 -0.2 -5.6 -19.4 8.0 -18.6 -12.9 10.9 -12.2 5.6 9.2 10.8 -4.6 18.1 14.0 6.7 -4.5 -1.0 -15.5 -11.2 19.1 -0.3 5.8 3.8 8.8 17.2 2.8 19.5 1.8 18.4 11.0 16.2 -5.4 12.5 -13.4 7.5 -14.9 -18.8 -15.3 11.7 -5.3 -2.2 4.0 -9.3 19.7 8.6 -10.5 -17.6 14.2 -16.0 -1.8 17.6 -15.5 9.3 -18.1 6.6 13.3 0.5 16.7 9.5 5.4 -16.8 -17.4 -4.5 -10.2 17.0 1.7 -2.2 17.1 -0.9 14.7 -3.3
-0.5 -2.0 -6.0 5.6 -4.4 8.1 -3.7 8.8 -13.8 -9.3 -7.7 18.3 10.2 -1.6 -6.3 5.6 -3.7 -17.1 -5.6 12.3 14.4 9.0 -9.6 7.8 8.5 -9.3 -18.5 -2.6 14.0 -6.7 -3.7 -11.2 15.0 3.1 -0.6 -15.7 -13.1 -10.5 -9.4 -7.4 -1.2 13.7 -15.0 -5.2 18.0 -7.2 14.9 16.3 -12.6 -19.2 2.5 18.1 8.9 11.9 -12.1 14.6 -16.1 15.0 -4.3 10.0 -8.1 -11.1 18.8 19.2 -11.0 -3.7 -7.3 -2.0 4.6 -1.8 0.3 -10.3 -3.3 6.3 11.6 9.0 -7.7 -12.9 7.2 -19.4 8.1 -1.9 14.6 -16.0 2.6 4.2 12.9 -14.8 5.0 2.2 -2.2 -6.2 -11.6 18.6 -12.3 3.2 -0.4 13.1 -3.7 16.4
4.3 5.0 -9.5 6.6 -18.8 2.1 -15.0 10.8 12.6 -15.4 15.9 -8.5 0.8 2.3 12.4 15.2 7.5 11.1 -17.5 -13.1 -16.9 -13.3 13.7 -0.7 -2.8 -18.0 -5.0 -8.6 6.0 11.1 -13.6 -3.8 7.7 -14.6 4.7 9.6 2.9 12.7 -12.0 13.6 -5.7 -15.4 3.0 5.2 -19.8 -11.6 -13.5 -16.1 17.8 8.7 -0.8 16.5 -4.9 -12.6 -12.5 -2.4 -2.8 17.6 1.5 7.4 19.9 15.3 5.8 -12.1 -11.8 13.5 19.7 -5.6 14.5 -2.3 -0.7 13.6 -6.5 18.9 0.4 -7.1 -4.7 10.5 19.3 -0.1 -16.0 -6.6 -9.0 -3.6 -4.1 -15.0 11.8 -2.2 -9.1 -17.9 9.9 -17.9 -17.4 -14.1 -15.2 7.9 -13.4 3.6 -5.8 14.1
15.0 -11.7 -20.0 -13.5 15.0 14.2 -12.9 10.2 -6.9 13.6 -8.2 4.3 -5.3 -5.0 -14.7 -0.5 11.6 10.8 7.4 -7.4 18.3 -5.6 16.6 -4.6 -9.0 -16.1 17.6 -17.1 -16.8 -15.5 -13.6 3.1 1.8 -7.5 14.1 -2.2 16.3 5.5 -1.1 -14.5 1.7 -1.2 -15.8 5.9 16.8 -2.5 -15.2 3.3 1.9 14.9 14.2 -4.1 8.4 -11.7 -14.2 17.5 -5.1 8.2 11.6 -15.0 -4.6 -10.9 -10.4 15.0 -14.4 -11.6 15.7 -14.5 3.3 -17.4 -12.8 8.6 -17.7 -19.7 13.1 1.2 -16.7 -9.2 1.8 -2.8 17.4 4.1 10.2 19.6 9.2 -10.4 -1.4 -11.7 -19.3 19.8 7.1 0.4 18.3 14.0 2.7 4.2 -12.6 -17.7 -11.8 3.3
6.7 -16.3 -18.6 18.8 -6.0 9.8 -8.4 -1.2 18.4 8.7 -0.7 -4.9 19.6 12.4 0.6 -15.4 13.6 -2.2 -15.8 -18.6 -7.0 4.3 -19.9 5.4 -6.7 14.7 -3.1 1.2 -10.8 -16.2 -15.0 -16.1 -0.5 15.2 -6.5 -17.0 -15.3 9.6 -17.5 -0.2 16.9 -10.4 -4.5 -3.5 16.6 3.1 7.6 -16.4 0.9 -14.0 -12.9 -19.8 9.8 3.8 15.1 14.5 -17.6 -9.4 -11.9 10.2 17.8 1.3 5.2 -1.9 1.3 -17.2 -7.6 15.2 -16.3 -18.2 -4.0 -17.7 1.3 1.5 6.1 5.3 -12.2 -3.6 -1.8 5.9 -12.0 9.2 -16.5 -12.7 11.2 -16.1 19.0 -5.6 7.3 7.2 10.9 10.1 1.6 12.5 2.1 16.7 18.8 5.3 19.4 -14.0
-1.1 -7.7 8.7 -7.4 5.5 -15.0 13.3 11.0 3.9 9.4 13.6 5.6 -13.2 17.3 0.9 13.6 19.1 1.8 -12.4 -1.3 7.0 -13.1 9.3 0.5 -8.1 19.0 -8.3 13.4 -15.4 6.6 13.8 -2.4 -5.5 -15.3 -4.7 -1.5 2.6 -2.6 -5.7 -3.0 -2.1 -16.0 -16.9 -4.2 7.0 19.0 10.0 -16.7 -5.9 -16.8 -13.8 15.7 -14.5 -16.9 -19.4 14.6 -11.9 18.3 1.3 9.7 9.9 16.2 -14.8 -0.5 -16.7 -6.2 -17.0 16.9 14.1 7.3 -7.4 14.5 17.0 14.5 -7.0 1.1 1.3 -6.1 -8.2 -12.9 0.3 11.3 -10.8 -10.8 15.8 -6.7 2.1 -17.9 -16.3 8.5 -2.2 3.7 -18.2 7.6 1.2 -3.8 -17.4 2.5 -19.1 5.9
-2.2 17.8 -11.8 -17.0 9.3 6.5 -19.9 0.2 12.7 -2.7 -9.4 -18.0 -18.8 -8.4 -1.3 3.7 12.7 -6.6 -2.8 -0.8 -11.1 -8.7 7.3 -12.6 -3.0 -10.7 -12.9 -4.8 15.9 12.1 14.6 -17.9 -5.9 -8.3 16.3 3.2 16.8 -1.4 6.6 10.5 -8.7 19.8 -4.2 -10.5 -18.6 4.5 6.4 11.6 -17.3 0.7 -15.0 -18.8 -10.4 -13.2 -19.6 -13.2 16.0 -18.3 7.1 17.9 15.9 -12.8 3.0 8.3 -1.1 -1.9 -1.4 17.6 5.7 -1.9 -9.7 -13.8 -13.5 -11.4 0.3 7.0 -16.0 -4.2 -7.4 6.2 -2.1 8.2 3.1 -10.4 -19.4 4.1 -2.0 3.6 17.4 8.4 0.5 -1.6 -5.5 12.7 12.7 6.0 -4.8 18.3 13.4 8.8
-16.4 -1.6 -9.5 -4.0 -16.6 -15.2 0.3 0.1 0.8 -8.8 7.5 -6.5 -13.2 13.3 -5.5 -10.2 -3.1 2.7 -6.2 -3.3 -7.6 -13.6 -17.5 11.4 -7.7 -15.3 19.2 10.2 -13.1 20.0 -1.8 -0.4 -1.7 1.7 18.7 -18.8 -11.5 11.6 6.2 -6.8 8.5 -8.7 9.8 11.3 -14.5 -15.7 -2.5 14.5 12.5 -2.6 -9.8 4.1 -19.1 9.9 -10.2 13.5 -10.0 -13.7 5.2 -13.3 13.3 14.8 -9.0 -12.2 -15.8 7.7 17.5 6.7 15.0 -3.4 -16.8 -5.9 15.2 17.9 -15.4 -14.1 -2.0 5.4 -0.7 -15.9 -10.6 4.4 17.9 17.4 3.4 -14.6 1.4 -19.6 -10.7 -1.1 -16.3 -18.3 -0.7 8.8 -7.7 -0.8 -4.4 -5.2 -5.8 -11.2
-17.3 -14.0 -4.6 -13.8 5.9 17.9 -16.2 11.3 -9.7 16.9 -5.0 -1.4 -9.6 -2.5 -10.8 -4.7 -6.0 5.4 11.0 15.7 17.9 4.5 -19.8 13.2 15.8 -14.1 -14.7 -11.0 9.3 -18.1 -8.0 13.4 9.3 1.3 -7.2 15.5 -8.6 7.4 16.7 -3.5 15.5 17.4 -4.0 7.5 -8.0 10.0 -19.5 -10.2 1.4 -6.4 11.8 0.7 -18.0 -0.1 7.5 -5.6 3.8 8.2 -10.1 -16.9 -1.5 2.3 3.5 6.2 4.5 -6.9 14.3 -2.6 -4.0 2.8 1.6 -13.5 -10.5 -9.9 10.9 -15.6 -6.9 3.1 -14.1 -12.1 -3.4 12.4 18.5 4.5 19.8 -7.5 -11.4 0.4 -10.3 8.9 4.5 -12.2 -15.9 19.9 19.5 -9.9 -0.1 14.5 18.5 3.3
4.7 18.0 -1.5 19.3 7.0 -4.7 -19.6 -0.4 19.4 9.8 13.2 -8.9 -14.0 -5.2 -9.3 1.8 3.2 10.3 19.8 -12.4 -10.1 -6.2 7.5 -4.5 3.8 15.3 -16.1 9.2 -3.7 8.4 -3.3 -18.5 -0.3 -9.9 4.0 -9.7 6.5 12.1 13.8 -13.4 -2.7 -10.7 16.6 8.4 -1.3 11.6 -12.7 -0.7 17.3 10.5 2.0 9.9 16.9 16.7 14.8 -17.4 -4.0 -14.9 17.2 -0.3 -9.5 4.4 7.8 -5.3 10.5 16.4 19.2 1.8 18.7 13.2 19.7 15.0 -18.4 0.3 -8.0 18.7 -0.2 -13.3 -11.6 2.4 13.1 19.7 1.0 -17.6 -5.3 -11.3 3.9 -8.5 -5.8 14.3 15.2 6.8 10.5 15.7 -14.4 -7.5 14.1 -17.4 5.1 0.5
-10.2 7.4 13.1 19.6 -4.2 18.6 -19.7 11.0 -6.9 17.3 8.6 -1.3 8.9 -16.7 -6.5 -1.3 -13.2 -9.6 -8.8 -18.8 -11.3 0.6 -14.9 19.4 9.4 14.3 5.6 -16.4 14.3 -8.4 18.2 14.5 -4.3 -8.7 19.4 9.0 4.7 -14.3 8.2 -17.3 15.1 -6.7 -1.9 10.2 -6.8 -1.4 -1.4 1.0 -3.8 20.0 -11.5 9.3 0.1 18.1 -11.8 -6.9 9.5 7.1 -13.1 -11.4 14.8 -9.3 -1.4 -20.0 -1.1 9.8 -9.3 15.9 -3.9 15.0 10.7 -3.4 -3.9 -17.9 -17.4 -18.6 -14.0 9.1 8.6 13.4 3.9 -7.9 12.8 17.7 -4.2 11.0 4.2 -5.5 6.9 -19.4 -13.7 -5.3 -0.7 19.6 5.8 16.9 13.3 -18.6 18.3 1.1
9.0 -13.3 5.7 1.5 -13.1 -11.2 7.3 19.3 -19.9 17.6 19.5 18.7 -18.4 -19.5 -18.5 12.8 0.7 6.8 -3.0 -17.3 5.5 8.5 -14.1 9.2 -9.0 -13.4 -10.4 14.1 13.0 -18.2 -11.5 9.1 -12.1 16.6 0.2 -6.9 12.2 -5.3 -12.0 -14.1 5.1 -8.5 6.6 18.5 4.2 16.7 4.6 -16.7 1.8 13.7 -15.2 -7.8 4.7 17.2 8.5 -13.6 -2.4 -14.4 10.3 14.0 14.3 -6.6 18.8 -3.4 19.0 -10.5 -18.8 -3.7 -19.9 -17.3 -6.3 18.5 4.4 16.4 -7.8 -6.0 -8.6 18.0 -3.0 -18.1 -16.2 9.9 -12.1 9.0 6.8 2.0 -7.7 10.9 -7.9 13.1 6.9 -11.7 -12.7 19.0 9.4 19.5 -5.2 5.3 -8.4 15.8
6.2 -6.1 -0.7 2.8 -13.7 13.5 1.5 -8.1 14.6 17.7 -7.8 9.5 -1.6 9.0 16.0 -17.4 -6.5 1.5 -19.7 -15.0 4.8 14.6 -11.6 -13.8 14.5 -12.5 -12.1 -8.4 10.1 -10.9 5.9 17.9 1.3 -10.2 -5.8 18.4 -16.3 5.7 -15.1 16.4 -5.3 13.6 -2.7 -10.8 -18.3 0.7 7.9 -1.5 0.1 18.3 -18.5 -8.6 2.4 12.4 13.1 -19.3 -2.8 -16.2 14.2 -3.9 -4.9 -15.7 -14.5 12.0 -1.2 13.0 7.8 -14.8 17.0 -6.9 -8.0 0.6 -2.8 -9.5 -10.4 -12.4 -6.3 -10.8 11.6 -1.9 3.3 -16.5 14.6 -7.0 -15.0 11.2 4.9 2.0 -19.3 3.6 2.7 -4.5 -9.8 -3.9 -9.4 -17.5 5.7 3.7 7.0 0.7
12.4 17.6 8.5 18.3 -14.7 10.5 -2.5 14.0 10.1 0.5 9.9 -8.2 18.1 -4.0 -6.0 5.2 0.1 -17.7 -3.4 -2.3 15.6 -8.8 -8.9 -9.6 -10.8 -3.4 -7.4 2.3 -7.0 2.1 12.8 18.1 5.6 -18.8 17.5 -9.2 -14.0 6.3 8.2 2.7 3.2 -5.0 -17.8 13.8 9.4 -3.5 6.2 -2.3 -11.7 -6.4 18.9 0.4 7.1 8.4 1.6 -2.3 -4.4 -3.5 -11.9 -1.5 8.4 1.4 3.9 15.1 -17.2 11.7 19.7 9.8 -18.5 5.8 -2.7 -13.6 7.4 -0.2 5.7 -8.9 17.7 6.7 -4.2 -2.2 -18.5 -0.3 19.8 12.9 5.4 14.9 4.9 1.2 -3.1 6.9 -10.5 17.0 -19.7 -19.4 1.0 -17.1 9.9 12.4 -14.1 7.2
8.5 9.4 -11.5 9.6 0.6 7.8 -19.0 -13.6 -18.3 1.0 3.2 7.7 -9.5 3.1 -2.4 -19.7 0.2 4.1 19.7 -17.8 15.9 17.9 9.7 3.8 -3.8 -19.1 1.5 12.7 15.4 7.0 5.3 6.5 -9.6 -9.6 -10.2 18.9 16.4 -5.0 -17.8 16.5 -17.3 -14.3 2.9 4.8 0.2 -6.2 18.8 -18.4 14.4 16.2 1.7 -10.3 -10.3 -12.3 19.4 -19.6 -15.7 1.5 14.1 19.2 -0.2 6.0 -4.3 -4.2 7.5 -5.8 9.7 -12.7 4.7 -11.2 -10.1 12.3 3.5 -1.4 -10.3 18.2 1.9 -10.2 -11.8 13.8 14.1 14.9 9.8 15.1 12.6 -8.5 -12.3 14.6 -13.6 1.6 16.5 -3.9 11.8 -11.7 -0.1 -0.6 1.6 5.0 -13.7 15.3
18.8 2.0 -15.1 -10.2 16.4 3.1 -11.6 2.0 -17.8 -12.8 2.7 -12.6 -0.6 0.4 -9.9 13.2 -19.0 -12.2 -3.8 -18.5 -6.0 -0.1 -10.5 4.0 -19.1 19.7 -0.6 11.8 8.4 -11.8 -0.4 11.6 8.1 18.0 -1.7 3.9 -12.1 7.5 -7.6 18.6 9.5 7.4 -3.4 -19.1 5.6 -10.9 1.7 1.2 10.5 12.4 -4.0 -11.4 -16.4 18.4 -0.5 -19.1 0.7 -12.1 1.9 13.2 -2.5 -5.6 15.3 -6.6 13.3 5.7 4.5 -16.7 8.7 2.7 19.6 -8.2 1.3 -0.5 14.0 -6.8 -11.6 5.1 -5.2 2.3 4.7 15.5 -8.6 -13.1 11.7 -7.9 18.3 -9.2 -17.1 -10.5 12.8 -10.1 5.3 -11.6 11.5 -9.9 -14.9 8.5 -3.6 12.1
11.0 14.9 -0.3 3.7 -9.8 -2.4 7.8 11.4 -12.1 17.5 11.2 -7.2 -11.7 -5.5 19.5 3.7 15.6 6.8 12.0 -14.1 6.0 -3.3 9.1 -11.7 10.9 6.4 10.0 -5.2 2.0 1.0 -13.9 4.3 -13.0 -4.5 19.2 -1.4 4.6 17.0 -3.2 0.8 -1.3 -5.4 7.0 5.6 19.6 -10.9 1.4 -9.8 -0.1 -19.2 -0.1 2.0 7.1 -1.0 -16.4 13.1 4.8 -6.3 15.6 18.0 -12.0 2.1 11.3 -14.2 -8.6 -8.0 -2.0 -6.9 6.9 12.7 11.9 -13.5 4.1 -3.0 19.9 -16.5 1.1 17.7 -10.1 -13.9 7.5 7.7 -8.5 -0.9 11.8 -10.5 11.3 16.6 -5.7 3.6 14.2 5.1 16.8 10.8 9.1 -20.0 -4.8 5.8 -10.3 -6.2
4.5 14.6 3.2 8.6 -17.5 -4.9 -7.0 5.5 -16.3 -6.5 10.5 -18.6 8.4 1.6 0.1 13.1 6.6 9.2 9.0 -6.1 -19.3 -9.7 -1.4 -17.4 0.7 -0.1 -13.3 -15.5 -7.8 -3.4 -11.5 -16.9 11.3 18.3 -14.3 -13.6 -5.1 -10.9 13.7 3.1 -3.7 12.9 16.0 -17.0 18.6 -5.6 -1.6 12.4 19.2 -3.8 10.4 16.8 -10.5 1.1 1.4 -4.8 -11.0 -12.5 -1.8 19.6 17.9 14.0 7.1 -18.3 -2.0 1.2 1.0 12.5 -13.9 -4.3 -15.4 5.3 16.9 -3.3 8.3 -5.7 -7.6 -17.9 15.9 -7.4 7.9 8.3 -12.9 10.1 -18.4 11.8 -2.4 4.7 17.2 13.6 17.4 11.7 17.5 -5.3 -16.4 -16.6 0.9 7.6 -19.6 -13.6
0.1 15.8 -12.6 -4.3 8.3 1.4 2.8 0.9 -4.3 -9.5 -13.1 0.4 5.7 -5.4 10.8 -18.9 -5.3 13.9 -16.7 2.8 16.7 15.7 -3.4 1.2 3.3 -18.7 15.4 6.0 -14.2 -13.8 -14.6 5.0 -2.4 -18.1 -5.5 -2.2 7.0 -5.9 5.7 -7.8 -0.7 0.8 -17.9 -16.8 8.2 -5.6 0.2 -4.5 -15.2 10.6 18.9 11.8 19.9 6.6 -13.0 5.9 -3.6 3.0 5.7 5.5 14.7 10.1 -8.3 -12.0 -2.5 -4.6 19.1 -18.9 -9.1 5.9 -18.4 -7.5 7.2 3.2 7.4 -14.8 -15.8 -3.7 5.2 20.0 -11.9 6.0 5.9 -14.1 -2.2 -15.4 17.2 -8.8 3.2 6.3 -16.8 1.2 -9.9 -4.2 -17.3 2.7 20.0 19.4 -16.9 -12.4
-13.4 -18.3 16.0 1.2 -0.2 -6.6 12.7 18.9 -5.6 17.1 -10.9 1.7 4.0 13.7 19.9 -8.7 -5.9 -6.3 8.0 -0.5 12.2 12.2 17.4 -17.4 -6.3 19.5 0.7 -17.2 -10.6 5.0 4.1 -13.7 -10.1 3.7 -6.6 19.6 -5.4 8.2 7.6 8.9 -5.0 -12.5 -6.4 -4.9 5.4 -5.3 -15.7 -8.1 19.9 -6.7 11.9 9.9 13.2 -15.9 -11.5 12.0 -15.7 10.0 2.0 13.0 1.0 9.5 -12.1 -7.2 -0.1 12.6 -13.6 -5.0 -14.6 -7.8 -4.7 1.8 17.6 -15.9 9.4 -14.8 -9.3 14.8 15.3 9.9 16.8 10.6 10.1 15.4 -18.8 -13.0 -19.8 -1.0 3.7 -12.4 17.1 -18.3 9.2 -7.4 -10.9 7.9 5.3 7.9 -14.2 -0.3
1.7 -19.9 -5.6 -8.6 -3.7 -12.4 17.4 -17.1 -11.9 -5.2 -20.0 -9.1 8.0 2.9 -6.4 -6.7 -10.7 11.3 -4.2 -2.1 5.5 -15.4 -20.0 7.0 18.8 -0.7 -5.6 14.2 -3.0 -4.6 12.0 -16.3 0.1 -1.9 -8.2 -12.9 13.8 -4.5 17.3 -15.9 1.4 16.1 -16.1 -13.3 -13.6 11.4 -19.4 -0.3 4.6 14.1 19.4 14.4 13.9 18.9 -6.0 6.6 2.9 10.4 10.5 -6.0 -7.8 -13.1 4.8 10.1 6.9 15.8 20.0 6.4 -19.2 -16.2 0.0 -6.4 8.7 6.8 -0.3 -13.3 -13.4 -14.5 8.9 17.5 4.0 0.3 -18.7 19.5 2.8 18.4 18.4 -6.5 -10.5 4.0 11.6 -12.0 -10.7 -16.7 -8.6 4.2 -8.2 -0.5 -13.2 -0.2
6.1 13.9 8.8 17.2 -16.5 -1.7 0.2 6.5 1.1 5.8 -0.4 16.5 -6.7 19.0 -5.1 -4.0 -19.4 -19.1 -17.9 -15.1 7.3 3.0 15.3 1.6 -14.7 6.8 -19.1 -19.8 -16.6 -7.2 -13.0 -4.9 13.7 12.3 9.1 11.1 6.1 18.4 1.9 -8.4 -15.6 0.8 -0.6 -14.5 3.5 -7.0 15.5 -13.8 19.0 -17.0 -12.5 -15.8 -13.1 4.9 -16.2 -15.2 -18.2 10.3 -4.0 -16.5 -6.2 19.1 9.1 -2.2 1.3 -6.5 11.5 4.4 6.5 14.0 -1.0 -17.6 -6.3 10.9 18.6 9.6 -16.0 2.9 0.3 -5.8 14.9 8.8 1.6 2.0 19.7 -18.5 -2.1 8.0 10.0 13.4 12.6 6.9 11.4 -14.4 -9.5 -10.3 10.6 15.2 -18.0 -14.9
-15.8 10.8 4.7 -11.1 -1.2 -2.0 -1.9 -13.0 17.4 13.3 -6.5 8.7 4.1 -6.5 -17.7 -17.6 -7.7 -6.2 -19.0 9.8 9.8 -1.3 12.9 -17.2 15.9 16.6 13.8 17.5 -5.4 -4.1 12.2 12.7 -14.0 -1.6 -16.0 -10.3 -6.3 2.6 -9.6 -17.3 9.1 18.1 0.0 -15.5 1.6 -15.4 16.3 13.2 -15.8 10.7 -7.5 -0.1 4.5 -9.9 3.8 -11.5 18.4 2.3 -13.9 -2.6 10.4 -12.8 -3.2 10.3 -11.8 6.8 -15.8 -7.8 -18.5 -4.2 -15.0 -19.4 9.2 -19.5 0.3 -18.8 6.3 14.0 -14.8 11.9 -10.6 -4.8 -10.9 -12.6 -3.3 19.8 13.8 11.7 1.1 -3.8 10.2 12.4 -16.1 -6.1 -6.5 -15.6 -5.5 -17.2 -7.8 -11.6
-5.7 -8.6 -2.4 12.2 -18.9 -9.5 -8.7 1.5 -3.8 -19.9 16.4 -1.8 19.8 17.2 1.0 -17.7 11.5 -6.6 6.8 -4.0 -6.2 6.3 13.2 -10.6 15.9 18.7 -10.9 -14.2 -2.7 -17.2 12.2 -19.3 -19.2 14.8 -0.4 8.3 13.1 -4.3 3.6 -1.2 16.4 -7.7 -19.7 2.4 12.5 -9.2 -12.2 -5.3 12.1 -5.0 -14.7 -3.1 3.6 -12.3 -3.0 -12.9 -0.7 -15.6 -10.2 13.8 -19.0 -0.4 13.4 19.5 -14.2 -6.0 3.4 13.5 -18.0 -9.2 12.8 -2.3 9.0 11.8 -15.8 2.7 -7.5 -2.7 -6.4 19.9 -3.7 -6.7 13.1 5.1 -0.4 3.7 5.3 -11.7 -17.8 17.1 1.3 -2.5 -0.2 3.3 19.6 5.6 -17.1 5.1 5.4 -19.0
-15.2 -4.3 4.4 17.6 -8.0 11.8 -14.7 0.3 1.3 3.2 -10.1 4.2 14.1 18.0 15.0 3.5 -18.6 9.9 -10.7 2.5 7.9 -10.9 19.8 8.4 -2.5 10.9 -5.0 9.8 -10.0 -13.5 -3.9 13.5 -2.5 -19.1 18.3 -18.9 -0.3 16.5 20.0 -5.3 17.3 -8.5 -10.6 5.2 16.1 3.7 -8.1 -12.8 -1.1 1.4 1.2 -17.2 -2.2 -17.2 -3.5 10.1 -19.5 15.8 12.1 4.6 19.8 19.9 -4.6 5.2 -16.1 2.4 12.9 14.1 -16.3 0.5 7.9 8.4 -6.2 -5.4 16.1 12.9 12.6 19.8 1.2 -0.6 -6.7 17.5 4.7 13.4 -17.8 2.1 11.8 10.7 10.1 15.3 13.8 0.1 18.5 -16.9 -0.9 -0.2 -6.7 -13.7 19.9 0.0
15.9 3.5 -2.0 -0.7 -16.3 7.1 3.8 3.0 -15.2 5.3 17.2 4.4 -14.6 -0.7 19.2 -6.4 4.3 14.1 -19.3 6.8 -0.3 2.5 17.6 19.7 -9.3 -3.6 19.6 -1.0 -14.1 13.0 -3.4 -10.4 1.1 9.9 -16.0 -15.1 -6.0 7.3 12.9 3.3 11.7 0.3 -3.1 6.2 -8.6 -0.2 10.3 -9.9 14.4 9.7 8.1 5.2 4.5 4.3 9.3 10.5 0.7 10.6 -7.7 -12.2 18.7 15.5 8.7 9.8 19.1 17.4 -12.7 7.6 -4.6 12.6 7.1 -9.6 11.5 2.9 17.5 7.6 -18.3 16.2 -14.3 5.9 -18.1 -0.5 0.1 -5.9 14.1 2.4 5.8 15.4 -12.1 14.3 9.7 11.3 15.9 -12.4 -15.6 5.7 -19.5 -14.0 -15.8 13.3
-13.9 -9.4 -4.7 -17.5 5.2 -17.8 9.6 -12.6 -0.7 9.5 10.7 16.2 -8.9 -13.5 16.4 -20.0 -14.1 9.3 4.2 -2.8 -7.7 -3.2 14.9 -2.6 13.7 9.7 -8.2 11.9 -17.9 9.5 -18.2 -0.1 -1.4 -1.6 3.1 -1.8 -1.1 12.1 5.6 -1.1 -1.7 17.1 18.0 19.4 19.0 14.3 -19.8 -5.5 -6.3 8.1 15.5 18.5 1.5 15.0 18.2 -3.8 -2.6 -16.6 -8.7 3.1 14.7 -3.8 -13.3 -4.0 15.7 7.0 -2.3 6.0 -15.7 -2.0 -1.2 14.9 6.0 12.4 -4.5 -19.7 -13.5 -11.5 11.9 16.7 15.5 18.0 2.1 -5.9 5.5 -17.2 19.6 -1.6 1.1 -12.5 -9.3 -8.0 -12.6 11.3 -9.1 -18.5 -18.3 -1.3 -15.9 -16.9
6.6 -10.4 13.0 15.2 -7.0 -12.6 -5.0 -12.1 -12.6 10.5 -2.8 4.0 6.3 -5.3 7.2 5.5 -17.5 11.8 -1.4 11.8 -9.7 8.4 10.2 10.0 3.0 -19.0 -0.9 -1.4 10.7 -7.6 -5.6 -12.0 18.5 -9.2 -7.0 -4.3 8.4 -6.8 -15.2 15.5 12.9 -8.8 -17.0 -8.4 -18.1 1.9 -7.5 5.5 2.3 -12.9 7.5 19.4 -0.5 8.0 8.9 19.5 -6.2 -19.5 -3.1 -17.4 -16.2 -2.3 19.0 1.6 16.7 -9.2 -18.4 -18.3 -17.0 3.1 12.7 -0.9 8.3 17.7 13.1 16.2 19.5 -6.7 4.6 15.2 8.9 -17.2 -11.6 -0.3 2.2 -1.8 -3.2 17.0 11.7 -3.1 17.6 13.6 2.6 8.7 11.0 4.8 -11.7 1.0 8.6 19.9
-8.8 15.3 -1.3 2.7 -4.9 -6.2 -7.7 -19.6 12.0 1.1 9.4 13.0 9.6 1.2 12.5 17.6 1.1 -6.1 -13.4 -15.5 10.5 -8.1 -19.0 19.8 11.3 -13.8 9.4 -11.7 11.7 4.4 -17.6 5.0 -7.3 17.4 11.1 14.2 13.3 14.6 0.2 -19.1 -12.4 8.0 6.0 13.4 6.1 5.1 1.9 -0.4 11.5 -15.6 -4.9 -1.0 3.5 -10.2 -14.1 9.0 3.2 -3.8 3.1 11.1 -4.0 2.1 14.6 -14.5 -3.6 6.6 0.3 -0.7 -1.8 -11.3 -18.2 5.0 -16.1 -5.4 11.5 15.2 -7.4 11.2 16.3 -13.4 -3.9 -15.5 19.1 -10.8 2.8 19.8 -11.6 -19.9 4.0 7.8 10.4 -18.8 9.1 4.3 3.3 1.0 -14.2 -4.2 -14.0 12.4
-15.2 -19.4 1.2 -9.6 -16.6 3.4 19.4 -13.9 14.1 -11.2 3.0 1.3 13.1 5.5 -6.5 14.9 8.3 12.7 -8.5 15.6 -5.3 6.2 -15.7 -12.0 -14.6 -14.6 -17.6 14.0 -0.7 -18.5 8.7 5.9 -0.6 16.0 -12.2 -9.7 13.7 -18.6 11.1 -0.5 -3.9 15.3 16.6 -13.7 -5.8 -17.2 -6.4 -9.6 9.3 -7.5 -11.4 -1.4 19.3 6.9 8.2 19.1 1.7 -18.3 0.6 -18.5 16.8 1.7 17.1 -3.4 15.9 10.0 -4.2 5.7 -5.7 8.2 -18.3 19.5 5.6 17.5 -2.4 7.9 -18.7 -19.5 -11.0 3.6 13.5 -3.3 -1.7 -9.7 18.0 10.1 19.4 19.0 12.9 -14.0 3.0 -5.4 8.3 7.2 -16.7 9.0 3.5 -18.0 -1.4 -0.1
9.8 19.9 14.6 -5.1 14.8 16.4 19.6 -19.6 2.3 5.5 2.4 14.7 -18.6 19.2 -16.7 -14.0 -18.8 -18.8 10.6 2.8 2.7 -7.1 3.7 -16.5 16.3 16.2 -2.1 -15.2 -5.0 10.6 -6.3 10.8 -4.9 12.5 -16.6 -12.1 0.6 5.2 -9.7 2.1 -5.9 -0.3 10.7 14.9 -15.6 0.9 13.8 -13.2 -11.5 -11.2 14.2 -14.9 7.8 -4.7 9.4 -4.8 -2.8 -18.5 15.8 16.2 -9.8 -7.6 17.3 -19.7 18.8 10.2 16.3 -17.2 -5.4 -10.1 -2.1 2.8 13.0 -3.8 12.7 7.3 5.2 9.2 15.4 -0.6 19.4 1.9 14.5 -8.0 0.6 19.3 -17.1 17.1 -14.0 2.6 -18.8 2.8 -7.4 4.5 -16.5 18.3 10.5 16.1 -4.3 -15.9
-10.7 15.1 -13.0 -8.2 -10.9 18.1 -11.3 12.7 7.6 6.5 -18.5 -9.2 9.3 19.5 -18.9 -16.8 8.6 -19.6 6.9 -13.8 12.4 9.0 -3.2 -3.9 12.3 8.4 11.4 7.5 9.5 -4.6 2.7 9.1 -1.1 10.4 10.7 8.7 9.9 -9.3 0.0 12.0 3.4 -18.1 18.4 10.9 -10.1 9.4 14.6 -15.1 -17.0 -1.9 4.9 1.8 -17.0 -3.0 -4.8 -4.6 5.4 -4.1 -19.0 7.7 0.3 2.6 -2.7 13.0 7.6 -18.8 -18.3 -12.0 13.5 -0.8 7.4 6.3 10.1 2.1 -10.8 18.8 0.2 -18.3 13.5 1.8 -0.9 9.2 -17.8 12.5 -11.7 13.2 -5.5 -6.4 1.4 18.8 12.9 0.9 10.4 -13.8 17.6 9.1 17.4 -14.1 -2.0 9.0
-4.3 9.7 -12.5 17.2 10.0 13.4 -14.7 -11.1 -9.8 19.0 2.9 -8.3 -12.3 -0.4 -1.8 13.2 15.3 0.0 16.8 -12.6 -15.8 15.9 15.4 -1.4 -8.0 1.0 1.1 -19.8 3.3 19.8 -11.1 8.3 16.4 8.0 -7.3 8.4 -17.3 -19.1 -3.4 7.0 -19.9 2.6 -7.0 -3.8 -7.0 -2.9 19.2 7.4 1.4 -17.6 8.3 -6.5 -3.0 -14.8 -5.1 -15.1 -15.1 -12.2 -4.6 -0.8 -10.1 12.2 -2.5 -13.5 17.9 4.1 6.2 18.7 15.0 -2.3 -0.9 3.4 -17.6 -12.8 -18.5 14.2 -10.5 0.9 7.2 13.7 -11.9 4.3 -7.6 4.3 6.3 0.7 -7.9 -2.8 -9.8 -8.9 13.7 -2.4 -9.1 -9.3 10.2 12.1 19.9 -5.9 5.7 -9.0
12.6 -12.8 4.7 -5.0 14.2 11.3 7.0 -18.3 16.5 -13.1 17.9 16.1 -12.2 1.7 -13.6 -17.1 -7.0 7.2 -17.1 -14.2 -17.3 7.4 -14.3 -17.8 3.0 14.3 7.7 1.1 -9.5 -13.7 19.5 1.6 17.9 19.1 -5.4 -6.7 -14.6 7.2 -5.5 2.7 10.9 4.0 -1.4 19.7 18.5 14.3 8.9 -0.1 -10.4 4.6 -13.3 -11.8 -13.0 1.7 -19.6 19.4 -8.7 -14.6 -19.8 9.8 -7.8 3.5 -9.9 -2.2 -1.5 -16.3 -0.1 3.6 -15.6 -19.1 17.9 -6.4 -15.2 2.0 19.8 1.6 -19.6 6.7 19.6 18.4 -2.5 -17.5 2.6 9.3 -10.2 -11.4 -6.6 -19.6 6.9 14.1 -16.6 -14.3 13.6 -6.3 -5.8 -14.1 6.3 -8.4 15.1 -17.6
-20.0 -8.3 8.1 18.6 19.5 -8.0 6.2 20.0 -15.5 -7.8 3.9 14.8 -19.5 -2.4 -1.6 16.1 -16.0 20.0 17.8 2.2 -16.7 -15.0 5.8 -1.5 -7.6 -6.0 13.1 5.4 18.0 -0.1 -4.2 -8.7 -15.9 -4.6 -15.0 11.8 8.3 -1.9 -12.0 -2.3 -9.6 4.0 -8.8 -13.0 8.4 1.5 19.4 -7.2 2.0 -7.6 7.1 10.2 -6.6 13.7 -5.9 3.4 4.2 17.5 3.6 1.8 5.8 2.4 0.8 2.6 1.6 -15.4 -10.0 11.8 -15.6 -5.1 8.4 -6.3 19.8 -19.0 -10.3 5.1 14.8 -1.2 18.0 -11.5 0.7 6.0 -1.7 16.4 -12.5 -14.7 15.3 6.2 10.5 -6.3 -6.6 18.4 10.6 9.3 -15.2 8.9 -15.1 -5.7 -11.7 17.1
9.2 10.8 14.2 -1.4 13.4 -14.6 18.0 9.7 -6.5 14.4 -0.7 1.4 18.9 1.4 16.3 17.7 -18.8 -15.6 -14.3 10.7 -18.8 -18.0 17.6 14.3 -12.9 14.2 10.1 0.8 11.1 0.6 4.5 -0.9 -17.0 -8.7 4.8 9.3 -12.2 -0.5 -16.6 -7.3 -18.6 13.2 11.5 0.8 -16.6 12.6 7.5 8.9 11.2 6.6 -9.0 18.3 -6.6 14.6 -13.4 -16.6 -0.1 13.4 -1.3 3.2 -5.1 2.7 -3.8 -4.7 13.6 14.8 -14.8 16.2 -11.2 -2.6 11.0 4.7 -6.7 17.6 2.1 15.1 1.4 -11.2 1.8 -5.8 -1.9 14.9 4.0 1.8 14.9 18.6 -16.3 6.4 7.7 11.5 1.8 20.0 -5.3 10.0 -3.4 -3.7 17.3 12.8 -19.2 -1.0
-13.4 17.7 6.7 -16.7 -18.5 -0.9 -3.4 -0.1 5.8 -1.2 -16.1 -2.9 19.6 13.8 -7.8 -18.0 8.2 3.6 5.8 17.2 7.6 12.8 -1.2 -7.5 16.5 -10.1 -17.4 18.4 -16.1 6.6 4.0 2.0 -8.6 5.8 7.3 4.5 -6.5 9.8 10.2 -17.4 13.3 15.9 4.5 -5.0 16.9 -14.0 -18.3 18.7 7.3 12.8 19.8 -8.4 10.1 8.2 -13.7 14.6 -6.8 17.2 -12.2 -1.5 -5.3 -12.4 -4.8 -14.9 -18.2 -13.8 10.2 -15.2 14.0 -20.0 19.3 -17.2 12.6 7.7 -12.2 -5.9 -19.9 -7.9 -2.9 -10.5 4.2 -3.5 6.8 19.3 3.0 19.9 -4.2 4.3 -13.6 -17.3 -7.2 -8.2 -5.2 -7.4 6.8 19.6 15.6 16.4 -3.4 -10.9
7.8 18.9 10.8 -9.1 5.4 -1.4 0.4 1.3 -0.9 12.5 -14.6 -16.4 15.4 -9.5 14.3 -13.5 10.2 -5.3 -3.5 1.7 0.2 -3.9 -8.4 -6.4 -5.7 15.2 8.1 -7.3 -13.1 6.3 -6.2 10.5 14.3 -4.8 14.6 -16.2 15.9 11.0 19.0 15.0 7.0 11.5 12.3 3.4 19.3 9.8 11.2 -5.5 10.5 6.4 15.3 12.2 15.6 0.7 -3.5 3.3 -16.1 6.5 -12.8 14.6 -14.5 -17.2 14.4 10.2 -0.6 -18.1 7.9 4.0 4.2 -18.2 2.3 -16.9 7.6 1.5 -7.6 3.6 -0.2 13.7 -3.2 -0.2 14.5 -12.6 -14.0 -11.5 4.7 6.8 16.6 2.6 0.6 11.6 0.1 7.4 -14.0 13.1 14.3 -16.5 -7.3 13.6 -16.6 16.5
5.3 1.6 16.6 -2.5 1.4 9.6 -3.0 -1.1 4.5 -0.6 -2.2 -8.7 15.5 8.0 1.6 18.2 -4.5 -17.1 8.0 -12.1 -7.6 18.0 13.8 -16.6 -10.5 8.2 12.1 -5.4 8.2 -2.7 -4.5 15.7 17.7 14.1 -4.8 -9.2 3.1 -4.2 -15.1 18.0 -10.5 10.9 2.7 7.8 -13.2 10.9 14.5 1.5 -15.2 -14.2 -13.8 -5.8 -8.4 -14.4 -5.2 -7.2 -13.8 17.7 -6.5 -8.6 13.5 7.5 18.9 -14.8 -14.0 8.7 -18.6 9.0 -2.0 4.7 -2.0 7.2 -12.6 17.1 5.5 -17.5 8.4 -6.1 -5.5 15.3 18.0 -5.0 -0.1 18.7 -6.1 14.5 -11.5 3.6 -4.0 18.6 13.7 -16.9 16.0 -9.0 -8.5 -10.8 -4.9 3.4 -14.2 3.2
-16.0 -18.4 5.7 11.4 15.9 -10.1 -15.2 -15.1 2.5 -17.8 -14.5 -12.9 12.0 -5.3 -10.8 4.9 9.1 -11.7 10.9 9.8 -14.5 0.6 -9.2 -1.3 18.0 14.9 -12.0 17.0 5.7 -18.5 17.5 5.4 19.8 -18.7 -2.7 -12.3 16.0 -12.2 16.5 3.4 -0.6 -1.7 10.3 1.9 14.1 -17.0 9.1 -1.1 3.3 -6.2 -12.3 -9.3 13.9 -0.5 -13.8 -15.2 -14.2 11.5 8.8 -19.8 18.5 -18.0 -11.6 -4.0 7.0 -18.2 -12.5 -7.2 18.4 -18.3 -5.4 13.6 -2.6 -0.3 -18.0 -18.5 8.5 -5.7 -7.5 17.6 -5.3 -7.0 19.5 -16.7 4.1 10.9 -18.5 3.8 -14.2 -3.8 4.7 -18.1 -0.9 5.4 -1.3 -8.8 -14.6 -1.9 12.8 4.0
-2.3 16.8 16.9 12.8 6.1 12.5 -7.1 13.7 7.0 12.2 6.7 15.4 -6.7 -13.2 16.7 2.3 -18.4 5.5 -10.7 19.6 -7.8 -1.1 -1.9 -5.0 13.2 -9.1 -11.5 -6.4 -3.3 2.5 -1.4 -20.0 -0.9 12.4 13.9 6.4 12.7 0.0 -8.8 -6.4 -8.6 16.5 2.4 -8.3 -0.8 1.6 7.4 5.1 8.5 2.6 7.3 -11.8 -14.5 19.8 -19.7 -6.1 -4.6 14.3 -7.1 -5.1 15.5 -19.1 -9.5 16.6 9.8 -18.8 -18.3 -6.5 17.9 0.1 -15.5 19.1 -16.6 7.6 18.4 -5.6 -16.1 -4.5 12.1 -11.0 6.0 -1.9 11.7 -14.6 -15.6 6.3 1.1 -12.2 -16.7 9.7 -15.5 -7.9 18.0 -3.9 0.8 5.7 16.8 -12.0 16.9 -8.7
13.9 -5.4 11.0 10.3 -1.8 -6.5 -14.5 -1.4 15.5 3.1 -18.0 -9.6 -9.5 6.0 -4.1 6.0 -9.5 14.2 9.4 -5.0 15.9 -17.3 1.7 6.6 -10.6 -7.5 -14.1 -18.7 -16.0 -1.5 2.2 7.9 0.7 12.0 -3.9 18.8 -8.0 14.6 11.5 -18.7 1.3 20.0 -15.0 -3.7 -0.3 9.7 -11.7 -17.1 15.7 13.9 1.6 0.2 -8.6 6.6 -18.4 6.7 -3.5 -16.7 -10.2 13.6 -18.5 -3.6 -6.7 0.8 0.2 -8.3 1.8 2.9 -2.6 18.3 -8.0 -13.2 -11.1 14.6 -13.2 11.8 0.1 6.9 -0.3 -13.6 2.0 -19.7 19.0 6.2 2.2 11.8 -14.6 -16.4 5.2 -1.6 12.5 -7.3 17.6 -5.5 18.5 1.9 -4.9 9.8 17.2 19.6
1.3 8.7 0.0 -10.1 -13.8 8.8 -1.5 5.5 8.8 4.3 19.0 -9.4 -2.7 6.9 -5.4 0.9 7.9 -0.3 -2.9 -4.8 -8.5 -7.7 3.5 -12.4 12.2 9.4 -10.0 -17.9 -1.8 -7.3 9.3 -11.9 -5.6 -17.6 -14.4 9.8 2.4 18.3 -5.0 6.2 16.6 11.6 -2.6 14.6 -6.6 -8.8 -8.3 13.3 -16.1 -19.6 -0.4 2.1 -5.0 -16.5 1.9 -19.4 0.2 19.3 -12.3 3.6 16.9 -11.2 9.5 18.5 4.1 -7.3 18.2 -16.0 8.9 19.0 14.1 8.8 -0.8 9.5 2.3 -14.8 -11.6 -10.4 12.5 3.5 -7.5 17.4 13.7 -7.4 -10.2 -8.5 6.4 -10.2 11.5 -17.7 12.5 -9.5 10.0 18.7 -14.9 14.3 -5.9 4.2 -11.6 17.9
45
485.61 736.7 296.61 324.29 751.49 385.89 112.73 211.88 979.86 750.26 688.15 840.99 941.59 554.91 792.53 336.93 682.13 271.91 512.85 344.9 437.3 911.73 155.21 731.5 796.06 229.96 149.99 645.85 827.86 569.37 488.55 509.38 175.69 157.81 106.94 482.74 427.47 774.23 7.19 548.33 721.12 795.72 33.83 515.71 530.68 777.7 447.24 117.05 732.4 227.83 672.41 968.19 349.81 840.99 128.69 142.68 114.65 461.88 948.93 638.14 946.15 762.81 243.31 50.26 471.96 969.33 820.14 951.47 916.97 229.35 800.87 778.49 318.91 2.13 197.61 298.35 88.09 452.75 796.52 501.78 500.33 294.87 914.97 731.15 632.15 776.68 735.69 21.89 350.13 366.25 916.13 766.07 343.26 586.14 609.02 913.81 368.11 599.51 682.32 909.14
104.45 541.63 176.06 262.14 350.32 50.64 465.96 502.9 896.68 363.59 384.71 435.52 562.57 725.02 222.14 850.45 361.36 49.23 912.03 753.8 166.88 161.48 419.92 246.78 374.08 278.84 902.34 159.69 612.15 837.97 57.56 36.24 621.97 941.22 207.92 183.64 57.71 496.69 840.08 712.28 103.2 16.22 317.87 570.82 518.16 514.45 565.55 530.42 294.92 905.73 499.56 852.81 452.83 990.07 693.86 375.73 585.77 550.48 877.48 184.34 487.11 44.37 288.22 397.62 585.45 90.29 884.26 134.62 45.38 15.8 664.77 577.73 915.28 244.25 883.57 668.49 796.5 165.24 210.18 177.3 615.54 401.36 202.89 914.16 732.54 795.77 444.15 402.88 512.12 13.13 888.31 381.01 860.88 360.96 195.24 343.34 647.6 444.58 332.31 98.45
356.38 460.45 406.0 812.16 520.17 8.55 871.24 175.95 113.86 661.11 286.03 269.8 456.98 171.39 527.93 914.06 681.65 344.43 223.72 799.44 131.23 597.49 851.41 192.03 959.25 430.44 473.81 49.93 455.72 327.43 244.59 688.49 542.9 609.95 499.81 666.18 111.1 989.28 683.68 548.09 659.82 919.86 505.91 719.07 671.96 639.53 134.22 466.11 182.73 705.89 773.29 802.92 972.76 880.3 841.41 748.39 414.37 101.2 820.34 148.4 826.23 401.57 445.03 648.89 3.14 658.2 261.76 622.24 854.04 109.36 865.71 335.42 302.85 167.08 259.61 553.0 150.61 881.54 688.02 326.24 815.27 89.34 804.03 243.59 870.23 527.79 651.01 157.95 205.05 911.76 673.85 141.33 728.41 144.02 875.87 26.2 777.36 432.06 111.92 99.1
629.03 886.87 137.76 651.85 620.95 409.79 511.37 934.92 438.07 66.04 765.35 305.84 749.3 984.8 408.57 814.72 857.12 95.76 962.87 401.45 102.47 231.97 11.74 83.43 777.18 693.04 818.8 859.44 161.34 520.51 716.5 373.89 402.44 197.87 394.45 162.04 597.59 789.41 902.21 290.57 533.96 233.45 709.78 315.76 764.5 964.24 518.9 769.18 533.73 159.39 966.98 171.97 285.88 334.26 458.21 80.87 568.55 225.61 798.54 542.13 624.66 490.24 937.91 289.16 187.83 938.75 816.86 643.31 579.22 658.84 635.3 12.57 675.87 523.62 443.0 920.33 260.48 237.93 364.81 873.49 927.48 763.3 913.32 317.91 366.93 612.33 858.42 938.35 16.49 581.03 818.17 436.89 759.33 654.34 602.07 275.79 193.83 646.33 686.84 626.98
860.2 139.17 61.24 695.01 704.85 513.26 469.88 944.44 440.08 236.67 114.26 281.48 421.91 117.0 739.44 539.95 958.74 928.31 132.15 968.15 405.39 790.74 955.68 90.87 211.13 584.28 997.6 715.14 288.71 379.91 967.91 249.02 980.81 342.79 350.23 584.47 689.77 226.69 552.35 943.19 370.68 867.69 93.7 193.84 495.47 20.84 755.92 424.39 77.25 989.24 454.84 986.3 180.24 552.29 584.07 191.62 697.65 358.56 911.82 237.77 738.48 624.16 316.17 588.34 711.81 498.96 12.54 518.51 417.82 1.97 726.68 869.63 487.99 967.98 503.92 360.86 555.09 438.76 504.23 177.65 937.85 788.76 112.77 570.63 365.87 231.24 747.94 507.98 42.26 387.45 291.04 874.67 262.73 546.11 3.66 997.37 560.12 5.21 231.96 736.55
709.43 454.83 470.63 230.75 81.21 677.32 458.57 832.49 888.54 420.32 755.36 378.11 123.45 682.2 570.81 348.52 168.23 300.85 75.55 673.28 58.69 129.06 86.87 357.19 468.72 811.01 380.18 626.77 268.39 887.03 705.04 673.91 570.17 352.74 893.35 680.43 740.65 92.83 868.03 763.75 277.02 818.53 513.92 78.17 434.0 94.95 890.22 842.05 154.49 537.84 341.36 273.35 409.98 746.39 206.99 530.6 905.18 202.46 383.48 531.9 679.68 864.92 599.95 87.46 829.13 428.75 650.03 674.86 233.42 164.42 717.53 408.82 904.97 255.64 421.55 922.7 755.84 566.49 455.84 388.6 986.67 442.85 222.14 406.23 280.21 76.24 160.86 581.92 477.89 713.34 51.51 278.87 814.92 379.21 322.61 144.54 301.37 118.17 755.54 272.2
264.3 506.02 542.24 570.95 454.74 847.86 283.86 454.88 921.67 23.05 31.87 5.05 556.51 57.36 259.23 373.94 9.59 108.79 964.56 833.86 18.92 340.86 514.25 888.48 155.04 369.67 767.82 758.75 37.07 129.59 665.25 113.78 410.41 956.1 123.95 844.23 251.37 150.48 563.28 409.05 731.45 160.88 909.8 277.14 207.32 828.11 542.7 26.1 62.71 9.13 365.97 278.67 237.55 187.24 922.54 430.15 714.32 892.84 616.16 888.09 692.71 539.65 437.81 426.09 405.1 18.31 813.52 888.55 290.85 663.9 239.24 981.94 225.56 110.02 759.7 522.03 840.36 212.04 482.57 940.0 905.25 138.82 926.35 326.89 859.36 187.11 996.36 760.68 225.31 221.51 887.34 959.15 383.19 576.03 268.6 230.72 311.93 234.41 823.32 961.45
697.43 669.53 315.72 14.99 951.71 143.3 109.25 301.15 261.49 917.87 392.38 627.98 662.48 449.04 411.82 133.54 146.22 464.72 390.59 81.92 693.24 911.42 872.9 263.42 648.21 289.02 427.55 683.69 515.59 731.48 222.03 847.8 544.55 750.64 207.24 192.73 816.16 263.44 602.12 935.41 658.39 2.99 900.52 224.06 823.52 43.94 723.17 415.02 799.4 58.81 866.48 788.72 505.07 671.15 26.05 722.72 248.4 652.94 686.74 863.26 461.72 314.48 454.39 269.08 877.92 428.96 309.05 931.78 446.1 771.49 829.94 393.16 455.98 79.04 741.25 373.19 523.04 654.01 652.51 874.63 504.3 918.77 701.86 69.93 205.37 967.04 690.44 992.9 769.96 736.24 731.95 380.94 486.24 74.43 470.71 652.57 763.27 367.18 980.46 236.09
111.38 901.92 675.46 58.08 662.71 68.14 37.29 64.04 596.29 731.17 855.46 332.9 129.52 61.18 580.75 260.35 653.24 759.02 636.01 4.31 382.4 549.03 316.78 152.64 651.26 896.65 612.8 997.04 699.86 77.05 63.03 469.34 71.79 955.25 476.01 555.18 604.71 328.8 362.76 703.24 592.62 746.78 28.17 146.44 297.22 104.58 78.64 46.29 282.05 608.75 737.7 339.37 525.19 557.58 116.51 427.39 664.51 223.48 945.24 570.87 758.45 251.2 348.02 890.39 866.4 986.99 127.87 10.17 593.25 469.14 842.49 821.44 957.52 453.21 65.86 161.37 760.14 55.51 379.24 340.67 228.21 541.75 995.47 236.31 240.4 882.34 401.64 841.05 657.6 443.04 114.75 527.36 573.92 385.91 865.43 273.16 399.9 534.64 515.65 810.07
544.55 958.86 298.73 912.52 195.5 473.74 758.18 393.87 425.05 898.4 817.78 622.46 499.91 617.68 910.22 310.98 685.69 986.6 460.85 112.62 41.0 679.91 829.69 639.21 830.93 616.59 599.36 71.1 672.69 665.48 41.7 581.72 383.41 529.63 968.03 566.78 673.08 480.92 343.01 164.74 61.27 865.69 402.83 437.12 608.29 730.57 119.78 577.24 666.1 723.97 224.93 786.43 844.73 867.5 585.74 399.18 49.99 203.47 486.26 823.01 233.15 698.29 876.62 8.41 705.48 827.77 775.77 592.86 283.76 664.72 565.69 234.35 278.73 306.05 927.94 947.3 78.12 521.9 853.56 309.83 368.79 994.39 575.82 995.74 885.07 743.89 564.27 784.78 14.79 292.69 556.4 533.96 403.43 836.18 2.14 695.03 613.58 464.64 70.26 897.82
203.8 81.45 136.71 479.88 345.46 259.64 258.41 957.63 451.19 348.47 547.9 281.17 992.0 223.18 209.28 141.56 98.68 249.45 963.71 886.28 577.8 851.84 742.28 923.48 806.85 966.78 200.33 257.03 142.16 880.3 822.8 409.21 988.02 380.01 685.21 909.19 986.0 616.52 661.53 960.09 884.85 825.53 383.39 834.57 565.67 358.07 774.35 861.83 4.55 3.25 336.57 212.76 126.66 973.55 280.54 728.12 228.44 720.07 607.39 259.27 471.93 600.74 297.02 255.12 936.73 872.17 392.23 661.35 730.64 567.11 44.85 512.94 89.79 403.72 128.63 635.94 198.33 428.81 213.14 84.46 646.81 335.97 649.01 921.53 829.56 640.35 949.91 794.86 578.42 557.01 862.32 519.68 959.2 913.56 957.61 636.17 285.97 701.69 114.33 160.27
508.24 338.06 551.77 743.09 397.14 122.94 661.47 473.38 445.02 713.93 63.87 518.24 488.28 939.75 401.98 478.62 347.33 772.41 722.42 583.32 314.81 547.63 215.46 699.05 595.83 395.39 823.51 189.7 827.86 582.31 807.24 102.31 772.23 439.47 285.88 797.07 322.16 838.25 508.39 321.34 589.66 850.54 421.0 687.48 260.9 353.02 552.08 484.77 230.4 471.0 880.18 597.79 565.95 260.92 208.07 335.59 675.79 656.19 743.48 476.38 799.14 980.86 557.81 161.36 323.14 61.32 240.92 923.39 506.94 595.06 727.99 226.64 25.48 35.52 594.0 303.53 805.84 691.13 105.41 444.68 968.63 800.79 85.83 49.25 225.97 537.9 335.67 900.95 639.79 769.12 360.78 40.64 963.77 327.72 680.38 351.46 224.13 377.97 39.21 799.88
298.15 450.33 860.91 252.55 79.66 777.96 976.57 862.52 267.47 40.28 496.1 653.99 830.75 592.96 872.74 886.58 460.37 308.83 373.93 349.62 89.34 656.22 265.04 920.29 850.01 404.16 61.84 980.35 17.38 483.82 776.91 379.42 98.43 502.62 496.24 748.17 24.16 745.72 481.36 753.31 359.4 116.36 638.73 492.65 554.49 777.62 856.65 761.25 947.34 700.42 646.52 832.09 28.93 284.55 223.65 171.12 780.06 824.97 424.51 22.37 527.11 916.23 780.12 399.45 82.9 969.15 547.19 822.77 662.41 605.0 7.53 298.39 57.11 630.19 269.23 484.89 705.92 488.55 957.11 991.59 985.28 421.48 93.22 170.06 326.91 227.31 189.01 935.9 405.69 516.14 832.42 514.76 585.13 366.68 418.42 956.59 785.74 867.35 689.49 656.72
452.51 312.94 917.97 714.85 97.1 37.17 959.27 137.62 857.55 622.75 33.4 793.61 892.71 870.79 180.62 419.69 619.55 73.58 36.01 298.04 51.75 299.76 483.22 622.83 77.46 288.6 617.51 141.46 937.95 848.28 564.12 20.48 802.5 431.2 992.6 654.07 205.07 365.72 464.65 987.97 443.4 261.64 932.58 731.34 447.56 469.77 131.21 613.1 560.02 552.1 586.79 310.88 466.1 350.2 737.37 354.31 33.24 303.1 593.22 778.85 865.37 278.45 961.8 624.2 503.38 192.68 568.1 503.63 377.48 206.36 786.94 193.49 31.19 787.34 320.85 979.0 867.07 766.41 641.99 548.12 595.06 730.79 517.59 482.8 284.47 559.23 132.21 246.29 899.75 786.6 434.88 113.38 842.91 566.06 68.81 478.22 439.81 6.71 774.76 300.2
120.38 399.19 340.94 974.08 672.7 58.94 228.29 109.83 906.89 511.38 381.6 890.5 620.51 917.13 582.34 354.26 765.47 111.88 332.43 322.86 205.38 958.04 103.43 640.06 626.31 412.54 960.67 131.11 278.24 254.09 87.41 836.39 717.96 919.1 986.83 627.18 532.71 330.41 93.15 916.67 302.64 693.9 720.42 874.69 73.51 354.8 952.23 629.31 613.71 626.21 712.89 588.7 601.19 845.7 486.98 599.83 247.89 167.08 308.12 828.61 187.15 192.64 197.99 872.67 77.13 632.47 677.88 700.04 959.75 496.64 467.92 357.66 765.14 354.16 373.85 149.52 857.84 860.05 67.15 600.5 237.09 540.47 480.43 154.38 46.18 198.74 896.57 783.89 117.35 677.94 80.49 716.3 239.41 219.16 518.07 779.12 264.69 486.15 740.73 529.6
1.16 936.03 397.55 352.05 762.94 908.59 241.55 62.74 540.11 139.15 46.88 424.33 719.51 577.25 35.19 450.72 31.56 9.95 182.69 496.51 369.17 703.71 470.53 922.53 683.68 961.29 643.11 151.61 825.85 134.67 827.48 318.57 86.91 136.92 531.65 666.83 571.15 542.37 730.72 177.48 449.33 79.1 796.71 275.88 350.0 134.71 487.66 929.92 435.69 932.16 243.25 248.05 976.97 428.68 895.09 906.99 476.45 190.09 529.37 164.07 952.33 508.13 257.22 560.83 94.65 380.62 741.16 827.93 685.78 447.62 271.22 315.72 193.87 349.83 349.28 985.89 721.81 912.3 560.46 695.54 333.96 942.57 504.36 804.92 316.88 109.98 778.43 646.16 315.22 213.37 390.14 290.63 564.79 941.09 384.48 102.84 234.67 301.94 914.43 861.9
768.25 297.24 873.62 36.51 308.96 159.23 662.28 168.08 910.79 26.35 516.19 320.53 828.36 279.85 161.44 729.77 518.05 170.53 890.28 252.42 195.5 921.98 163.76 37.79 70.12 750.44 957.27 45.43 777.29 130.86 946.24 296.21 784.46 909.01 289.07 393.15 376.58 417.51 123.59 98.65 215.46 15.14 455.79 649.39 950.83 49.21 593.07 630.16 51.25 503.73 495.92 780.46 161.12 892.28 218.53 578.03 666.87 587.98 87.76 762.78 461.81 7.96 690.13 728.5 980.15 960.77 751.31 193.1 203.37 160.69 94.73 247.56 927.07 434.94 900.96 384.0 188.72 597.15 589.88 223.7 499.82 483.89 563.62 379.11 96.34 636.45 402.05 865.08 461.2 585.36 151.1 789.33 431.85 371.13 844.01 833.22 853.62 66.96 389.44 977.32
803.0 555.29 659.76 762.75 636.16 458.89 744.61 106.35 732.2 100.71 971.9 778.99 68.39 404.51 727.06 954.07 563.14 294.72 309.29 941.15 629.88 465.38 196.54 671.55 731.43 994.27 904.87 551.72 397.5 697.88 16.23 131.01 924.64 732.11 677.15 275.25 900.03 68.3 88.98 597.38 258.51 648.83 291.61 239.18 115.8 311.99 465.06 931.52 776.79 975.18 447.24 956.14 408.24 464.48 655.38 460.95 91.47 481.48 221.24 369.86 195.07 183.35 686.51 806.18 507.89 997.2 183.09 346.21 202.41 144.11 547.94 421.23 478.92 870.82 879.44 101.73 432.49 636.82 420.34 794.36 458.93 70.91 671.18 570.4 199.33 403.7 185.07 735.9 605.29 682.27 816.96 294.78 1.88 531.41 783.36 945.39 453.04 547.14 343.86 709.96
396.01 178.36 731.83 617.07 843.07 316.37 908.01 41.0 310.81 302.06 680.98 876.72 504.78 665.61 222.6 590.19 932.65 191.8 465.74 340.26 435.04 265.62 242.3 67.8 805.89 624.55 449.78 139.78 417.81 334.07 827.13 973.04 648.15 672.27 292.44 470.02 586.31 77.52 306.39 440.48 922.67 95.41 6.96 542.81 486.33 638.07 920.45 414.88 499.66 955.68 181.93 874.03 298.75 28.39 188.09 72.66 280.48 559.15 310.58 661.28 6.39 958.14 310.68 914.44 52.77 20.23 243.55 554.64 810.03 21.12 917.43 312.16 998.66 560.65 254.9 282.55 258.81 948.06 978.83 251.14 38.83 740.17 958.34 905.58 332.44 577.95 246.63 289.58 100.37 587.64 692.5 334.09 816.32 648.51 433.09 726.31 507.16 514.07 6.06 641.41
635.37 150.82 479.75 369.31 363.32 35.71 144.42 447.55 512.85 726.42 830.98 945.99 164.09 405.37 56.69 486.97 546.81 265.17 538.2 968.61 598.71 677.73 655.75 26.0 255.75 289.6 810.82 564.72 960.59 972.1 745.59 837.0 205.06 617.29 553.52 514.33 567.79 915.73 881.53 187.09 410.85 954.96 773.43 370.76 288.41 582.09 624.38 509.5 945.23 187.77 455.8 224.87 734.29 523.13 397.76 318.72 364.35 577.97 229.41 746.04 391.42 433.69 928.81 102.22 161.9 979.24 211.82 144.26 902.35 463.3 464.51 461.61 235.33 873.72 111.55 547.72 273.57 862.0 618.96 152.31 272.84 167.01 356.69 218.92 49.32 677.29 306.58 62.98 614.27 479.75 240.31 977.06 176.29 141.25 37.16 973.61 390.25 703.98 543.42 491.47
183.93 8.81 130.88 78.2 623.02 496.16 837.27 562.88 645.04 310.23 309.2 774.54 377.14 425.28 696.3 158.32 674.49 315.59 314.04 165.99 225.22 637.03 907.65 590.86 636.29 289.78 54.4 34.64 832.17 582.73 357.93 808.31 388.99 982.66 875.3 371.74 751.51 109.34 396.45 606.88 581.13 428.32 636.53 800.52 946.85 26.38 385.26 253.98 538.31 822.63 500.05 107.04 938.44 584.63 848.55 400.7 277.27 733.91 125.13 488.22 668.59 670.28 933.36 702.97 887.31 296.01 660.82 629.64 797.98 311.86 443.85 297.11 153.01 687.13 42.5 582.84 582.84 269.16 386.24 401.71 236.14 943.45 630.56 283.97 724.25 818.06 29.06 646.25 473.41 186.15 154.33 231.07 359.11 708.03 586.42 786.15 555.13 51.7 833.37 551.95
886.36 978.66 186.7 199.75 337.78 88.17 714.95 432.28 86.11 350.41 704.91 718.82 57.51 586.55 459.85 908.59 947.06 111.09 538.33 278.19 861.91 949.86 644.84 396.44 768.34 406.02 153.93 901.14 712.09 570.61 874.33 449.48 835.69 849.24 457.48 248.59 332.07 543.43 344.38 858.68 269.24 275.37 396.67 664.42 707.29 805.24 990.62 610.05 904.84 324.94 671.94 5.86 121.43 553.88 322.03 744.33 627.42 370.08 498.28 424.72 940.03 69.87 44.27 533.92 732.57 765.7 68.56 469.95 275.88 657.74 417.27 129.26 231.96 284.88 333.82 20.11 880.1 914.55 785.04 856.08 158.01 205.42 867.32 646.0 288.28 984.21 260.1 916.98 766.62 601.17 160.5 259.18 452.86 139.83 633.03 391.8 377.27 2.29 572.26 886.18
517.82 740.05 78.91 917.99 98.9 201.22 108.46 635.04 307.69 416.2 901.72 52.6 448.98 416.28 628.01 841.2 924.63 81.24 873.32 932.37 935.82 793.42 785.63 214.13 145.02 555.52 604.2 428.1 792.9 101.69 427.58 672.61 835.27 517.69 893.08 675.04 206.58 187.92 700.7 809.06 390.2 75.99 984.18 658.77 884.21 170.13 577.83 3.65 817.8 354.77 687.84 433.08 268.15 615.24 495.76 576.73 740.48 240.56 671.44 606.51 604.06 226.87 424.54 848.0 693.11 826.73 590.1 998.49 217.51 921.95 788.78 46.6 119.96 920.82 512.57 914.39 157.06 792.41 168.48 521.53 414.53 238.86 248.45 409.64 954.44 848.42 2.91 568.73 261.82 462.22 780.71 724.04 587.11 877.69 332.22 531.74 183.23 757.36 276.15 953.24
124.49 434.15 737.56 627.94 233.42 626.12 251.94 399.43 474.67 523.9 373.0 199.37 607.58 99.83 229.78 454.68 446.06 176.44 683.74 786.0 270.78 272.6 407.18 386.67 122.27 717.21 538.29 928.73 657.61 707.06 19.66 557.61 688.02 78.07 344.26 714.3 818.34 680.84 167.67 562.6 15.35 768.97 200.45 406.6 472.75 832.23 615.2 197.33 648.33 266.7 630.79 944.0 227.62 907.56 762.08 624.03 96.83 177.58 486.21 248.81 41.3 892.19 533.22 642.87 164.89 957.6 42.89 296.12 504.74 688.67 852.04 828.48 711.64 724.17 931.5 540.5 388.11 591.81 669.3 723.68 17.27 84.17 733.97 344.47 273.36 760.25 916.21 96.51 59.25 314.34 343.4 586.79 650.69 282.38 840.86 843.36 417.53 825.88 84.87 684.5
446.7 116.3 413.92 344.31 7.29 116.05 467.49 355.59 972.79 625.55 558.46 215.79 956.68 629.57 172.36 56.22 400.35 262.36 487.47 480.6 126.99 700.44 638.72 439.94 688.25 747.9 642.81 911.87 951.14 797.33 839.7 813.1 836.58 892.31 380.98 522.47 381.76 944.36 580.69 44.94 895.85 988.89 889.04 161.27 265.61 832.95 540.44 882.56 842.64 702.6 681.76 202.98 761.5 961.94 440.62 190.65 521.3 642.69 139.16 775.41 890.16 184.99 444.56 831.09 667.69 372.5 435.32 105.18 750.59 186.27 872.08 865.33 871.74 987.56 921.24 97.21 300.46 145.8 273.51 579.42 530.68 213.95 404.52 159.51 315.32 409.73 354.82 892.34 973.77 105.27 89.04 232.21 22.89 483.23 177.43 713.39 679.08 479.82 656.4 199.67
753.07 610.28 280.95 880.86 695.92 165.56 776.75 241.53 344.36 510.94 64.38 949.34 157.93 240.04 924.1 643.03 430.73 74.77 949.36 241.93 398.32 719.27 37.25 429.49 711.75 346.35 240.53 523.67 111.33 626.24 546.43 589.03 753.41 352.22 990.08 324.98 853.62 887.53 812.84 623.57 641.28 310.77 534.08 508.43 550.63 671.1 782.63 780.63 807.15 575.65 45.87 631.95 560.6 151.43 96.41 128.03 23.64 473.48 561.28 681.27 659.37 937.93 636.64 948.28 560.89 999.56 645.97 639.56 410.65 24.43 359.14 908.31 998.43 518.85 763.49 363.64 726.31 127.59 16.63 526.83 805.91 450.57 517.83 885.85 698.42 663.92 182.41 688.6 320.51 507.53 935.43 512.12 181.26 869.22 595.34 971.5 23.78 966.65 930.66 211.39
432.09 932.2 246.19 547.9 132.04 708.25 985.3 952.2 757.77 675.15 505.64 814.33 77.54 633.28 485.06 389.86 674.24 955.71 488.57 224.23 191.07 897.56 631.42 728.22 772.59 978.78 833.06 661.06 292.93 91.56 527.88 518.53 970.09 335.47 839.46 74.28 527.79 842.76 102.65 806.35 504.89 274.03 538.87 541.84 730.01 433.65 421.4 727.84 863.89 733.6 122.57 650.66 317.89 285.67 760.84 421.14 514.81 182.05 173.09 444.17 590.99 874.21 882.25 907.34 577.33 489.84 829.33 337.38 465.69 455.82 554.85 895.09 885.56 241.02 866.12 420.25 488.67 330.34 56.67 555.71 670.32 310.1 581.95 707.99 850.38 252.72 614.48 288.48 183.51 442.04 534.35 848.44 654.63 154.95 161.35 333.7 695.8 986.74 790.47 996.86
147.58 102.3 187.37 595.2 395.14 595.65 495.98 827.92 492.83 104.37 927.63 480.17 644.77 862.83 478.01 312.0 190.39 311.89 786.54 623.09 544.44 414.78 976.12 642.69 264.5 571.09 269.88 398.31 211.96 310.51 811.03 648.14 378.53 758.12 380.52 464.92 122.97 803.31 370.98 178.63 376.39 72.01 706.38 119.04 134.28 244.97 591.09 660.57 881.21 264.93 403.25 449.94 205.58 942.84 399.58 418.74 250.94 920.2 666.38 223.66 90.3 575.08 660.73 530.16 355.31 231.16 865.18 697.17 89.75 596.32 822.41 181.13 19.42 414.78 942.75 169.27 270.72 584.49 88.96 63.93 979.23 366.29 336.84 711.36 521.26 980.47 908.01 680.95 46.95 906.89 120.06 795.81 934.05 939.17 622.45 58.66 483.81 986.12 7.44 129.7
172.19 416.79 892.56 544.1 198.28 628.96 830.6 894.06 9.56 782.11 995.2 913.42 588.02 764.47 272.6 322.35 267.64 153.12 550.66 694.51 760.11 608.11 726.0 143.62 585.4 913.1 188.79 172.07 15.66 553.94 776.55 341.5 566.59 693.34 884.48 681.12 853.53 430.71 402.2 409.13 623.47 100.58 313.01 177.71 971.71 554.06 518.59 379.01 343.44 227.36 357.84 499.39 760.62 229.1 42.95 167.86 306.39 425.31 53.93 885.54 35.25 610.89 127.26 425.96 109.59 56.56 286.96 819.07 874.83 389.35 182.78 632.56 887.32 857.48 675.65 561.57 684.41 712.82 995.75 417.92 680.86 801.99 180.59 371.15 482.5 152.38 41.31 544.03 611.6 199.22 714.07 417.82 540.52 231.93 271.21 331.37 279.1 747.35 575.93 286.29
12.19 414.7 178.94 827.22 201.92 903.42 737.12 46.47 623.49 135.93 440.24 103.2 277.95 399.38 81.93 526.4 33.29 307.11 206.14 826.18 762.76 132.36 55.57 100.69 982.91 624.36 486.73 432.31 44.64 189.92 917.59 493.89 133.33 624.0 480.14 17.87 349.26 77.12 427.24 235.24 67.28 222.36 873.54 830.7 226.04 952.65 293.18 443.19 820.64 534.33 720.09 232.88 531.32 979.99 666.8 746.76 616.98 543.1 597.98 571.82 273.54 780.57 47.61 811.27 514.7 673.08 547.75 526.93 897.95 343.31 929.88 787.32 947.91 952.06 503.04 472.33 90.09 236.87 969.5 468.42 555.79 317.57 624.37 24.68 847.34 136.29 488.83 946.95 642.32 687.38 898.83 854.5 917.64 699.39 977.29 829.85 843.59 637.75 475.52 851.75
73.02 82.16 54.26 729.54 247.75 666.43 821.74 544.45 478.82 429.56 551.55 726.96 688.99 966.06 620.18 27.0 403.74 950.56 470.75 509.01 325.67 110.34 747.1 773.84 800.94 484.36 460.95 7.23 241.38 337.44 530.44 875.86 366.03 88.09 436.13 707.77 830.34 996.62 414.52 630.62 328.33 102.82 217.47 52.76 872.72 439.33 769.29 864.75 524.18 643.38 104.14 988.68 86.67 413.54 599.83 527.8 624.03 720.28 768.26 790.64 691.56 402.82 763.13 243.02 245.48 652.62 676.87 984.29 278.39 108.8 206.57 17.75 905.52 131.75 469.98 182.48 747.35 556.01 699.86 918.42 129.73 858.11 775.94 131.28 529.82 134.33 376.0 44.78 136.66 533.32 53.65 358.56 865.41 416.55 166.52 476.04 338.12 284.34 344.26 402.4
702.9 248.07 901.72 965.31 354.58 653.35 212.67 726.18 489.27 333.57 857.55 72.0 731.18 691.89 467.42 715.95 937.02 514.61 364.31 195.83 9.62 918.68 469.34 43.69 364.55 905.28 227.96 763.21 250.48 567.18 885.95 615.28 983.52 650.7 770.79 32.02 926.49 174.09 588.07 515.38 326.13 3.53 493.08 96.29 904.75 888.93 122.49 562.23 67.94 698.04 15.85 217.96 849.43 411.31 354.02 658.48 420.42 289.66 669.94 250.48 858.04 688.75 578.49 895.27 610.04 584.72 643.33 2.07 655.63 612.96 395.12 956.86 165.42 485.18 521.85 630.9 582.84 256.54 306.67 504.77 830.88 425.0 294.91 444.35 744.11 24.24 364.05 173.22 307.04 250.31 858.18 162.35 802.11 424.45 152.9 548.1 841.98 603.48 762.93 124.16
642.62 371.2 50.06 367.04 451.31 466.84 850.28 279.19 266.2 794.81 36.67 381.94 573.02 137.19 865.03 266.33 928.62 270.32 132.35 293.51 854.64 576.99 10.41 565.33 457.86 904.78 959.54 713.03 485.03 447.92 756.59 988.3 661.4 547.38 362.34 68.69 533.5 75.92 122.3 169.27 512.39 257.42 779.4 507.23 829.89 118.93 587.59 875.58 399.4 463.61 38.75 686.15 585.64 64.85 639.12 648.43 301.4 288.31 843.13 854.92 13.4 265.3 964.06 752.61 303.6 240.13 358.3 487.16 116.14 866.89 887.3 21.87 769.43 726.09 340.0 485.75 803.3 211.22 376.8 711.92 34.94 507.01 497.73 660.75 598.11 196.28 295.92 646.24 926.67 968.41 103.16 530.27 722.97 176.3 188.9 611.69 470.69 487.64 383.88 913.62
399.12 681.42 443.65 67.89 791.95 182.59 961.22 762.68 123.53 245.81 909.35 750.27 357.3 859.87 75.28 307.15 391.59 513.56 6.59 145.91 565.24 68.7 326.73 679.36 517.23 543.44 483.39 440.03 878.73 267.69 362.45 169.58 710.43 461.48 441.1 501.43 591.73 531.97 466.88 3.28 966.09 9.04 891.68 830.77 360.21 20.53 543.86 104.83 977.79 224.74 554.83 971.4 545.54 297.64 444.2 601.12 48.94 610.8 368.76 510.65 346.55 647.91 323.95 568.87 142.29 950.55 27.9 159.48 403.06 719.55 206.88 171.4 577.84 31.67 401.89 66.17 429.29 260.54 834.55 756.45 549.15 26.49 482.52 369.63 357.47 847.26 33.44 781.94 638.72 672.62 182.96 147.22 483.9 590.88 933.55 187.36 939.0 680.48 363.23 766.1
450.16 444.18 452.22 979.61 346.36 299.39 658.32 668.09 179.99 389.99 302.57 863.15 595.28 865.81 625.71 231.96 941.06 43.81 1.5 976.42 537.81 287.33 126.15 122.62 618.73 260.24 934.74 457.72 741.46 764.52 589.82 224.82 369.78 222.66 479.39 280.17 209.31 652.89 755.93 122.37 411.93 994.99 96.2 917.29 623.89 735.81 283.67 147.83 522.0 693.5 499.61 190.16 19.47 879.19 650.21 796.36 374.7 877.9 577.17 319.86 737.24 395.86 931.47 402.6 332.26 745.14 676.03 283.95 422.23 685.66 901.42 615.43 428.8 2.27 113.29 579.63 547.75 540.87 590.52 687.83 887.78 885.8 422.36 477.49 896.99 331.38 261.03 488.52 87.05 596.81 400.22 26.4 194.8 927.3 801.35 376.9 633.56 635.25 427.62 51.68
317.73 894.06 53.94 309.02 615.14 127.69 510.36 916.06 915.64 913.18 433.16 674.59 731.66 543.91 218.59 654.69 738.86 530.73 812.97 917.66 914.42 711.1 813.48 963.53 395.06 782.23 699.6 851.7 959.67 624.21 177.2 284.49 525.58 47.88 278.83 277.07 216.45 44.6 523.53 794.99 885.4 946.89 957.76 637.96 954.03 748.51 468.48 450.84 482.68 586.4 580.98 997.18 393.46 949.41 535.7 470.42 91.86 396.17 278.52 359.57 409.82 458.98 66.51 293.98 615.57 662.67 381.51 464.84 813.16 339.11 623.1 550.71 142.45 185.47 465.71 141.83 775.46 362.94 734.64 829.87 854.85 46.69 866.39 292.78 637.92 873.1 896.69 735.35 870.61 841.19 490.64 399.06 554.94 760.98 46.21 171.66 461.96 461.38 243.93 293.28
832.82 572.7 262.11 958.83 606.28 908.25 738.02 79.59 431.43 702.78 479.94 560.92 553.47 755.22 247.41 796.87 177.74 402.33 515.97 690.79 909.16 181.45 484.19 155.71 273.05 673.73 121.55 792.04 375.69 289.01 921.75 541.99 804.99 531.57 859.94 289.91 909.88 426.13 490.87 234.83 979.3 401.04 675.54 997.82 662.75 4.77 582.32 621.1 105.12 70.14 575.23 135.08 122.29 346.88 740.32 914.68 521.36 17.33 972.35 165.72 56.51 887.18 559.6 402.63 777.98 534.46 708.76 19.18 508.75 797.2 105.87 889.86 401.49 256.78 898.56 232.28 760.36 398.83 880.71 819.79 289.54 213.39 628.36 291.16 561.08 244.17 331.82 250.65 261.67 542.59 171.56 517.81 109.14 922.11 184.93 894.87 265.85 452.93 641.62 771.15
25.78 245.45 174.56 244.46 227.28 619.77 835.72 538.21 870.88 723.75 857.86 334.34 93.5 748.69 534.19 380.01 182.11 946.44 365.05 504.84 865.33 93.39 811.29 627.59 569.89 668.98 601.73 345.38 940.18 287.74 180.85 83.15 585.68 925.01 383.39 909.59 599.4 644.66 733.63 891.89 396.28 871.34 722.36 851.5 718.09 628.36 192.9 779.75 603.39 863.6 782.44 471.81 476.37 731.84 864.53 83.87 753.18 504.58 231.41 986.71 648.4 540.96 392.87 533.99 34.72 971.35 764.01 90.19 468.13 350.02 600.1 908.84 307.44 54.55 999.45 656.96 616.8 493.29 518.06 230.06 784.0 624.33 778.68 23.79 274.87 652.11 223.72 876.84 446.83 599.49 142.56 933.45 635.84 970.32 635.23 997.59 587.94 7.18 204.41 185.48
485.49 577.35 597.8 934.23 529.64 216.71 352.96 401.16 265.66 882.33 473.99 408.57 65.7 482.67 75.48 316.81 578.2 261.5 50.43 659.47 85.85 910.92 974.26 827.78 828.93 536.5 888.76 441.51 98.92 302.74 766.1 853.45 651.79 515.34 996.58 525.3 531.25 294.07 979.48 122.94 433.68 31.42 73.57 268.04 204.16 966.32 596.76 509.26 206.58 216.43 472.81 12.82 357.03 700.64 169.9 15.62 371.8 558.03 235.96 348.38 128.45 329.29 299.01 223.37 916.53 883.5 708.09 617.75 230.14 734.89 864.63 456.68 974.12 406.17 526.65 729.49 316.08 397.53 71.4 912.06 578.02 206.77 591.83 379.5 596.59 698.94 557.53 666.76 544.23 6.3 130.55 241.72 188.68 843.79 901.66 208.46 246.79 822.86 945.99 67.54
483.4 390.65 133.58 537.11 110.77 304.77 776.81 618.91 856.35 691.85 516.71 218.68 280.69 265.53 668.91 445.67 804.64 620.66 171.78 603.24 593.02 118.08 580.98 985.02 90.07 8.33 261.67 999.29 679.68 878.03 136.12 862.89 745.51 644.25 623.34 225.18 399.63 57.74 582.6 232.12 819.42 130.82 187.74 396.96 651.74 344.52 314.04 145.59 447.65 723.17 645.15 760.52 477.17 369.74 161.64 889.32 569.05 32.97 317.76 765.26 541.25 475.6 588.61 271.23 949.5 692.38 817.06 904.25 669.49 631.44 188.77 721.68 17.94 949.71 272.31 10.5 677.99 56.26 656.47 530.99 955.62 585.5 606.97 295.11 969.19 567.66 611.34 719.28 819.48 393.04 948.76 374.25 449.03 127.8 948.94 344.98 978.71 215.38 450.14 453.3
846.7 103.83 81.04 632.27 654.08 13.32 451.58 362.67 697.06 656.04 696.59 487.77 622.1 199.48 809.82 149.31 678.61 135.99 492.05 923.74 833.22 446.38 394.21 29.77 205.62 990.15 724.01 783.76 750.89 625.3 519.33 826.73 305.02 170.19 660.41 521.01 60.39 553.35 276.63 730.64 625.65 83.53 875.1 832.08 345.48 338.01 924.01 491.39 46.05 898.47 466.24 202.3 433.56 23.08 836.62 973.21 986.52 465.45 915.34 647.94 865.55 915.61 793.28 41.58 495.79 349.58 224.63 653.28 748.3 43.74 512.78 886.27 866.28 813.01 62.67 966.58 434.28 459.7 585.86 244.89 327.46 327.45 815.73 689.24 565.53 201.45 304.25 430.14 760.74 286.41 851.15 502.13 757.39 873.17 89.83 480.24 470.58 655.23 3.76 46.94
43.43 84.95 912.92 601.68 416.11 734.06 43.15 206.36 472.52 614.79 288.02 218.09 722.19 229.12 667.29 240.18 785.57 790.46 264.29 154.1 211.15 27.66 171.33 81.39 315.9 245.17 710.31 9.97 661.36 576.24 574.51 89.3 531.5 169.97 220.67 450.07 825.1 396.52 374.61 695.81 95.87 557.5 860.38 82.62 840.6 704.87 581.93 311.22 237.78 4.86 206.01 411.0 318.98 772.72 103.49 56.6 253.42 396.98 296.11 704.29 397.41 717.36 595.43 312.23 322.61 606.92 399.18 116.36 642.8 310.79 139.87 514.23 205.94 252.39 399.76 196.06 310.64 572.05 970.8 712.95 532.33 669.79 868.97 210.87 299.92 790.81 968.64 28.98 305.23 963.87 117.16 959.18 833.82 491.33 896.11 156.76 938.23 322.4 447.79 984.42
815.57 265.89 452.27 994.17 37.43 817.75 833.29 56.63 673.25 433.13 408.2 615.11 730.89 20.05 339.36 302.48 866.75 89.71 112.23 819.28 322.92 515.62 768.04 476.06 10.76 730.12 477.35 958.73 211.91 626.83 96.19 901.73 830.17 751.06 516.6 960.06 367.26 58.86 551.85 913.99 956.51 173.45 864.73 142.28 179.03 310.4 246.39 704.45 462.92 323.99 766.78 920.33 647.21 822.73 353.22 528.88 425.78 684.77 134.03 97.26 864.2 451.14 458.57 608.61 664.48 865.55 473.27 720.38 323.71 316.03 612.36 381.87 868.5 857.12 935.83 512.28 620.81 361.86 823.14 666.82 407.37 329.71 361.34 580.8 559.69 340.08 36.74 288.8 677.03 39.4 811.21 74.66 17.93 901.09 818.56 474.59 85.18 940.28 782.29 594.55
598.8 588.49 108.54 666.84 343.28 933.73 976.2 932.93 828.79 186.21 648.44 911.54 98.61 166.3 832.64 776.0 518.14 705.15 377.09 215.02 599.1 945.07 713.14 76.48 248.55 694.66 443.78 132.83 956.38 27.41 80.7 512.86 704.14 14.4 593.31 225.14 29.98 214.41 595.65 849.64 361.66 818.75 344.85 381.88 669.03 524.12 892.6 360.9 843.05 232.74 986.48 350.6 297.51 974.76 675.39 921.35 889.06 139.84 475.19 298.33 968.37 720.02 271.31 693.04 313.03 211.87 162.17 731.98 961.44 34.0 907.53 579.56 977.76 352.96 65.51 625.83 324.9 268.02 622.36 452.78 588.59 82.71 87.11 22.23 545.48 192.0 348.35 442.56 435.36 147.27 226.14 922.77 387.65 489.82 474.91 88.84 284.11 194.15 343.17 766.85
164.44 38.56 938.26 128.24 177.28 838.65 792.17 37.64 283.87 231.78 371.22 448.67 122.73 645.39 805.01 471.71 613.18 720.66 457.82 644.54 894.35 792.94 411.97 659.13 894.83 907.28 910.06 399.47 39.97 562.51 771.28 145.59 729.35 225.72 211.24 659.41 312.14 29.06 783.29 971.9 537.63 563.67 129.09 313.15 147.72 886.69 204.19 207.65 660.99 961.62 793.61 803.89 941.04 680.17 523.8 709.6 152.4 548.96 623.7 254.53 21.54 207.23 4.35 361.5 882.46 353.03 264.49 413.46 611.72 103.03 583.24 31.29 327.53 662.42 731.36 944.74 4.75 933.93 875.79 903.18 513.87 429.92 884.25 552.11 563.1 593.84 755.04 240.53 589.69 558.96 280.88 796.65 578.98 870.89 707.61 602.38 336.84 309.79 534.47 165.08
