100 50
-13.2 6.3 16.0 -11.9 -18.4 8.2 16.4 -15.1 19.2 16.3 -13.9 6.0 8.3 -3.0 -1.1 -15.8 9.6 -18.6 1.4 4.6 -19.6 20.0 -2.5 -15.1 -15.5 -9.1 18.0 2.4 -0.4 -5.8 16.2 -10.8 15.3 4.0 -4.5 0.7 11.7 5.9 -13.9 11.5 4.5 -13.5 2.7 15.8 -0.1 5.3 5.6 -5.6 13.8 8.0 -2.5 0.5 15.9 2.7 -14.3 -17.9 1.2 -2.9 0.0 1.8 -1.7 -19.6 -9.5 14.8 1.4 -2.4 -16.7 -14.5 -13.5 -11.8 -17.9 3.3 -18.7 7.8 -3.7 1.7 -18.9 11.7 -6.6 6.9 13.7 13.3 -4.1 5.6 18.0 -1.4 -15.3 15.6 -9.1 0.7 -5.4 16.6 7.3 -7.8 13.1 -8.7 -7.3 -2.4 17.5 12.3
-12.4 7.8 8.8 14.3 -9.0 -15.0 8.5 -15.0 4.6 10.1 -16.2 8.7 1.7 -5.0 5.6 13.5 -12.0 3.9 -18.3 5.6 3.2 17.4 -4.6 -5.1 14.7 10.4 -13.7 3.7 7.1 -15.6 0.4 -8.6 19.0 18.6 2.7 0.4 3.4 19.4 4.4 -18.2 10.7 -1.5 -2.8 -1.6 -1.5 -19.7 -0.5 -6.1 -2.5 -0.4 17.8 13.3 3.0 -15.0 14.6 -11.6 -4.4 -17.7 -17.3 16.4 19.1 -10.2 -5.1 -15.9 -15.0 16.7 0.5 -10.0 0.5 4.6 18.7 15.7 -2.1 -4.9 -9.3 -14.8 -8.9 14.0 18.9 -14.8 -9.0 15.7 15.5 -13.5 -13.0 -18.3 19.3 -4.6 3.7 16.3 6.6 18.4 -1.3 -2.3 5.5 19.4 -17.5 -4.3 13.7 16.6
-14.3 14.2 0.6 -10.5 11.5 -4.8 -8.2 2.8 -1.8 17.6 5.9 6.0 6.6 -8.2 -2.4 -13.4 6.5 20.0 5.7 15.0 11.7 18.0 -14.1 9.5 -2.6 19.3 -19.5 -3.1 18.0 10.4 -16.5 -1.6 -14.0 11.6 -4.8 -12.8 8.7 5.7 -1.8 7.9 -3.7 -14.6 9.9 -4.9 3.8 -9.4 16.8 -11.8 -15.6 0.2 18.4 -9.1 2.3 6.2 -17.7 4.7 0.9 2.9 19.7 -16.9 -2.4 -15.3 5.8 -16.6 -14.5 -4.2 13.8 1.0 8.7 6.4 -3.9 -15.5 -7.1 -17.5 5.6 -2.1 -9.0 16.0 -2.3 3.1 17.7 -16.1 -17.0 -3.9 -18.2 -1.7 0.6 -2.3 -16.7 -17.2 7.9 11.7 -6.0 -17.1 -11.5 -9.8 12.7 -6.5 -9.5 11.4
13.0 -6.3 -12.0 17.9 -5.9 -6.6 -15.0 -7.3 -13.4 9.0 -0.5 2.1 15.6 -3.4 -14.2 14.7 0.2 -12.5 -10.2 -2.5 8.2 4.7 17.0 10.3 2.3 -9.1 -3.3 -15.6 -14.3 -19.0 -9.7 14.2 1.3 -1.4 10.4 -15.1 6.6 0.7 -13.7 2.7 8.7 6.1 -10.0 12.8 -8.8 -0.4 -8.2 -8.3 7.5 -18.5 17.8 -19.4 2.2 -1.4 -16.0 0.3 18.8 7.9 19.7 -1.5 -3.9 6.8 4.6 14.4 10.3 2.7 0.4 -3.1 11.8 18.0 12.8 -7.1 -3.7 15.8 14.9 16.3 -9.5 5.9 -0.9 -12.3 -1.5 -15.1 14.2 10.8 -7.4 -17.2 -1.7 18.3 -7.9 18.6 -17.9 -0.8 -3.5 17.5 -16.0 -2.5 5.5 -13.9 -10.6 -4.2
-12.8 -8.9 15.9 19.0 -11.3 12.4 -7.7 8.3 19.4 -19.2 4.4 4.4 -18.4 5.2 -16.2 -11.6 9.1 16.5 6.7 -4.8 -0.3 7.8 -19.2 -11.1 -11.0 0.7 -8.8 10.9 16.4 2.4 -10.0 3.9 -9.0 15.5 0.0 16.5 19.5 -6.5 0.3 18.2 -11.4 -7.7 14.5 -4.0 9.1 -0.2 -5.8 6.9 11.1 10.2 19.4 15.3 -10.5 13.9 5.1 -5.0 -6.4 12.6 18.3 5.9 -4.1 0.9 -18.3 -6.8 8.8 7.9 -1.4 -2.4 14.7 -13.0 -19.3 8.2 8.2 -20.0 18.1 15.5 3.0 1.1 3.8 9.0 8.9 -4.1 -12.4 5.8 -10.9 -3.5 13.1 0.8 -4.1 -13.7 -18.3 6.5 -9.6 1.6 -6.4 8.6 -16.0 16.6 -8.5 4.5
17.4 -4.2 15.0 -13.7 0.2 -1.0 -11.3 15.6 8.8 -17.5 -1.4 6.0 -4.3 1.7 0.1 -9.4 -6.8 12.7 2.9 -3.2 -2.2 10.3 -0.6 2.0 -9.4 10.6 -5.2 2.3 8.4 -17.3 -11.7 1.5 -8.4 -8.0 5.5 -0.9 0.3 13.2 19.6 9.9 13.9 9.3 -6.0 -11.6 -19.8 16.9 9.7 -12.5 -13.8 15.0 -1.5 18.6 11.6 -1.3 13.7 -11.4 7.3 19.2 -10.9 7.2 5.6 5.1 14.7 -16.7 11.3 3.1 8.4 1.8 -18.5 7.6 -3.9 1.8 4.4 8.3 0.2 8.5 4.5 -19.0 -7.5 5.0 -19.3 5.5 3.3 13.7 -14.0 3.3 2.3 2.5 -4.3 -9.0 -14.8 10.5 -20.0 -8.2 11.0 -11.0 10.4 4.4 -18.2 -11.6
-3.1 -17.6 13.5 -14.5 -13.3 7.8 -3.0 4.8 -9.9 -15.7 -14.8 -6.4 -1.9 -12.6 -3.7 -9.4 -15.2 8.6 4.5 -1.2 -3.0 5.3 4.4 11.9 -19.8 13.0 8.5 12.3 10.8 3.5 -15.6 17.7 -5.9 -0.6 6.1 -9.6 17.0 8.7 -1.9 9.6 7.1 -1.5 2.6 -8.9 -3.6 -14.1 -2.6 5.4 16.2 -5.8 1.8 -14.7 -4.8 -19.9 3.0 10.0 -11.1 14.0 -11.3 -6.2 12.1 -5.8 17.1 -16.7 -4.6 -6.4 9.5 -5.4 -3.3 17.0 1.7 -6.5 -3.4 -8.8 -1.7 -17.9 -18.6 -10.1 -11.6 -6.3 -19.7 -1.6 -11.8 19.4 -0.6 -10.7 -10.2 -18.1 0.3 -10.5 16.4 11.9 6.4 16.9 -13.7 -19.3 2.4 -3.9 -7.5 10.0
-5.1 -6.8 5.5 -12.3 -1.7 1.4 0.4 3.5 1.0 19.1 -19.8 -13.2 3.8 18.2 0.3 12.1 0.7 1.9 -1.0 5.3 -17.2 -3.9 8.9 6.9 -12.3 -6.4 1.2 6.4 16.4 2.1 -11.4 5.6 8.2 -1.6 -14.1 -14.4 -7.7 -16.7 -9.4 5.5 11.1 -6.6 -5.2 -7.4 -0.9 7.9 -14.3 5.7 18.8 2.9 -19.7 -11.8 -7.1 2.1 3.9 -9.0 -11.6 -2.7 -4.9 1.1 -1.3 13.4 -12.7 14.5 1.1 -12.9 -12.1 -9.8 15.0 -7.6 -15.1 -19.6 -12.3 -2.3 -10.5 -3.6 -1.8 -1.8 -6.7 4.3 15.8 -17.8 -12.9 11.1 10.2 -5.0 -16.4 12.5 -14.9 -7.5 4.0 -14.4 -5.9 -16.3 3.5 -17.6 -16.8 5.8 -6.3 1.1
5.2 -6.0 6.2 8.0 -12.8 -18.9 16.0 19.5 9.1 -18.0 -3.1 4.1 -10.1 -0.3 -15.8 19.5 14.0 19.5 14.4 -0.2 9.2 9.8 -0.3 16.1 3.2 14.6 -1.5 19.2 15.7 19.2 8.3 -13.3 16.0 -4.9 19.6 0.5 -13.0 13.9 -14.3 8.3 -19.4 15.5 -1.1 -3.5 -2.9 10.0 -12.4 0.3 2.9 -15.0 4.9 14.7 18.5 0.1 -5.2 -5.0 2.1 16.8 -5.1 17.2 -16.0 -16.1 4.4 8.1 -16.0 -11.9 -20.0 -3.0 2.9 16.0 -15.8 -7.6 -17.4 -4.6 9.7 -11.1 -16.0 -1.5 5.8 -13.6 -9.8 0.1 -1.8 -4.3 13.8 -16.0 -2.3 13.2 -4.9 -13.2 -3.4 -14.9 13.2 -19.3 -10.5 -13.4 15.5 -14.8 -11.3 -4.5
-14.7 -8.7 -16.7 13.4 -3.5 4.4 -11.2 -9.8 0.4 -12.9 -2.0 -2.9 -4.1 19.8 -16.2 -4.5 0.4 6.5 12.4 -7.0 9.1 -15.9 -1.3 3.7 3.3 1.0 -7.6 -12.6 9.4 -8.9 -19.3 10.2 3.2 -7.8 -17.4 5.6 2.0 -1.7 1.5 -9.8 -15.2 11.0 19.7 -12.8 16.6 2.6 -16.5 -16.2 18.1 7.9 17.2 8.6 9.1 -16.7 17.0 -17.9 17.7 -9.8 -16.4 19.6 11.0 -15.2 -15.2 -18.4 -17.1 -14.9 2.6 7.8 -17.2 -8.7 -1.7 18.3 -1.9 18.8 -8.5 4.1 -6.1 0.7 3.9 -7.9 -5.6 12.8 13.3 8.9 -16.8 16.0 9.8 2.8 17.5 -17.7 5.2 -13.4 10.6 15.6 -13.2 2.5 -18.9 -3.3 -16.9 -5.4
8.6 11.8 9.6 16.8 -19.3 -15.6 19.8 2.2 13.4 0.2 -18.7 -16.7 13.2 -9.3 0.8 -14.8 -4.9 -7.2 7.7 13.8 -11.3 4.5 16.1 18.0 -0.4 -1.4 -18.3 -19.7 -9.1 -10.8 -18.6 -17.1 -18.4 14.3 14.0 2.1 1.2 2.1 -1.6 19.8 9.0 17.2 15.5 -19.7 6.2 17.8 13.3 0.6 5.0 3.5 -3.8 -7.4 -11.4 5.4 9.5 18.5 8.6 7.7 -4.3 -16.9 -9.3 3.7 -16.8 -6.3 5.6 -15.7 -18.1 -3.3 -11.6 -17.9 -13.2 14.8 1.5 17.4 12.4 9.9 -10.9 -9.1 -5.9 -16.8 7.8 13.1 -9.9 -14.4 7.8 -18.1 15.3 4.0 5.9 16.9 -0.7 17.3 12.3 11.9 -2.9 -12.1 -7.4 -8.4 2.5 19.6
-15.2 1.5 -7.0 10.6 12.7 4.4 4.7 8.6 9.7 0.7 -10.1 12.2 4.7 -0.1 -13.3 -13.1 -6.3 11.4 12.3 11.1 -18.8 -15.1 -11.9 13.9 -18.2 -13.6 12.3 12.0 -2.5 -16.6 1.2 -6.4 16.7 -10.6 3.8 18.6 -16.4 6.0 -4.9 -8.6 -7.6 -13.9 2.1 -11.9 16.3 -4.2 -10.7 14.5 -3.3 -17.0 -2.3 -16.4 12.3 -19.1 10.1 17.3 1.2 -5.7 -10.8 18.0 0.5 -13.9 13.9 8.9 4.4 -10.3 2.9 -0.6 16.9 -6.4 10.2 1.3 -10.6 0.7 1.4 7.2 -8.9 -2.5 6.3 -3.8 3.8 11.3 5.4 4.5 10.5 -14.7 -4.4 9.8 9.2 -12.3 7.4 13.3 -1.4 15.2 -1.5 4.4 -5.5 14.7 19.7 -3.1
-9.8 -6.7 -14.7 9.8 -4.0 -0.4 -3.1 6.1 18.0 14.7 6.8 -14.9 6.7 11.4 -11.0 7.0 14.6 -15.4 -19.2 -8.6 7.7 13.0 -18.5 10.8 17.9 -4.2 -9.7 16.0 -1.3 8.5 3.2 -1.0 10.6 -1.0 -20.0 6.5 -1.3 -10.4 -8.5 11.6 9.2 -11.1 -5.7 13.5 -17.0 -13.6 18.7 1.0 -3.7 -9.6 -12.6 7.9 -12.3 2.1 -1.1 12.2 6.7 4.1 9.6 -16.7 18.1 13.2 -15.0 -11.6 12.3 -20.0 1.8 2.5 5.6 -13.2 -8.2 -13.8 -19.0 16.2 15.2 -8.5 18.1 -8.6 0.6 -3.0 -11.2 17.3 -18.8 4.6 -11.1 7.3 2.3 -15.2 11.8 0.2 17.7 -2.4 -18.3 -5.0 13.6 -1.1 0.9 10.1 -5.9 9.2
5.6 9.1 -10.5 11.5 13.3 -10.6 1.4 9.7 -18.7 9.5 9.6 8.8 -4.2 -2.4 -0.2 18.5 12.9 13.1 4.7 -14.0 2.2 -10.4 4.3 -4.2 -13.4 -14.2 13.0 -13.4 -16.2 19.2 -6.8 -14.7 1.8 12.9 -6.7 -16.8 -16.0 2.2 -14.2 13.5 -9.8 -12.8 12.1 -17.9 -17.6 -7.8 5.8 -4.1 6.6 13.1 -5.4 -17.9 -17.3 -5.9 17.2 -17.5 5.9 5.3 14.1 -17.8 -15.1 13.8 8.0 1.7 6.4 2.9 2.1 16.6 -15.0 19.5 -6.2 -5.1 13.8 0.3 -16.3 14.7 18.4 3.5 -19.1 -0.7 2.7 9.6 8.6 8.7 15.4 -16.4 -18.2 13.6 -11.3 4.4 -8.4 11.2 15.8 -15.1 3.3 4.3 -4.4 -4.9 -6.7 -9.9
-0.4 2.3 -3.6 3.7 -8.4 -16.0 12.2 4.1 -8.7 -2.9 -14.0 2.7 11.8 6.8 12.9 -7.0 15.5 4.5 0.5 1.9 -19.4 19.0 14.3 -16.8 -2.7 -19.5 -9.1 14.7 -19.7 -19.2 13.4 19.8 -14.0 19.3 5.0 -6.4 15.3 -19.9 -6.3 -16.5 -19.6 14.5 -11.7 -0.2 -12.2 16.9 -15.3 -14.7 19.2 13.1 15.2 17.1 2.0 13.4 12.7 4.5 3.0 -12.5 8.9 -1.3 -0.6 -3.7 -2.7 -2.4 5.4 -18.1 -14.3 17.7 11.3 -4.0 16.8 8.5 2.9 -17.9 11.3 -4.9 -11.9 10.9 0.4 -3.4 -19.9 -13.7 0.9 -8.8 -19.1 -18.5 -9.4 1.6 -4.4 -10.9 9.5 -19.9 -18.7 16.8 10.0 12.3 -5.9 16.2 -11.5 -5.2
-11.9 14.4 -16.6 18.4 5.5 17.3 -3.6 -4.7 7.2 -16.4 10.0 4.7 -1.4 1.8 10.3 -1.4 13.4 -14.0 6.6 -13.3 -13.8 -19.0 1.1 -17.9 17.3 19.2 4.3 -6.9 13.5 -14.9 -5.9 -15.8 -17.7 7.4 -16.3 -11.9 -15.3 -0.9 16.7 10.8 -1.7 -12.9 -15.4 16.2 -4.6 -12.7 11.4 7.7 6.3 9.4 16.8 -4.6 -9.8 10.9 -16.1 20.0 4.0 9.5 -8.8 6.2 -8.2 -19.8 11.8 -6.2 -18.2 -15.2 13.9 -3.0 3.3 1.9 12.2 3.9 1.3 15.9 14.4 -7.4 -13.6 13.3 -12.2 0.2 7.4 -18.4 15.3 -9.2 -10.9 -17.3 5.6 -1.4 -18.2 -14.1 -2.0 -0.1 -9.5 -3.4 -15.5 -2.4 13.9 -18.7 4.5 -14.0
-2.4 2.4 -1.3 7.7 -3.5 13.0 -12.8 19.0 -10.2 -5.8 1.4 -6.9 -2.8 -7.7 -19.5 0.1 19.4 8.7 1.9 12.7 7.6 -0.4 5.0 7.0 -13.2 -15.5 -11.5 6.9 5.4 -3.3 -6.3 -12.5 -9.8 -12.0 1.2 8.4 6.2 -10.6 17.1 -19.6 -11.7 -13.0 9.7 -12.0 -5.3 9.9 -3.1 -16.4 -5.3 19.3 19.5 -13.0 -10.2 -9.1 3.9 -18.7 6.3 -18.7 9.0 -10.7 -13.4 0.4 -2.6 -11.1 -16.3 -14.3 4.9 18.6 -8.0 9.6 3.4 14.7 11.9 -11.0 11.5 6.8 12.0 8.6 -11.2 8.6 -1.6 0.9 -5.1 4.1 11.3 -6.4 -8.3 -17.5 3.3 -7.6 2.6 4.0 -15.3 -4.7 -18.1 -9.5 8.8 -0.9 -7.6 10.1
-13.4 -11.2 18.9 10.7 1.6 -4.8 -14.5 -6.2 -4.4 -18.5 -14.5 8.9 -18.1 8.2 9.8 -15.0 -11.1 -6.3 9.4 12.7 -5.4 6.5 3.3 9.5 -0.3 -9.7 15.2 -7.4 -0.3 -8.6 11.4 6.8 -16.8 18.9 -6.6 10.7 15.5 -15.6 -6.7 -19.1 -19.7 -10.6 19.0 8.1 2.5 6.4 11.4 -11.7 10.5 -12.4 -12.1 6.7 -10.0 0.9 -3.2 5.0 -14.1 -8.8 -3.4 -13.7 -11.8 -19.8 18.0 -4.4 5.8 -13.8 -19.4 -10.7 19.8 -3.3 -12.8 10.7 7.8 -6.4 -0.6 -2.5 12.8 8.0 -10.6 -5.9 -4.4 -17.3 -12.0 -12.0 15.9 1.1 -8.8 -20.0 -14.3 -11.2 -8.7 12.2 -14.4 18.4 14.3 12.9 13.3 18.0 -2.9 13.0
3.5 18.3 -14.6 7.6 -6.7 -3.9 -6.6 -2.2 14.8 -9.4 13.8 -1.3 -11.4 0.2 7.5 -2.7 9.3 -12.5 -19.3 13.8 -2.8 0.8 -12.3 -3.2 18.3 -1.0 12.3 10.8 -2.5 1.8 4.3 3.4 6.5 9.7 -0.5 7.2 5.9 -8.1 3.9 -8.5 6.8 -18.8 4.6 15.0 18.5 -12.4 -10.1 -9.8 18.2 -12.0 -18.3 16.8 17.6 8.5 -12.3 -15.5 -4.7 9.3 17.7 13.8 -9.3 -4.7 8.7 -9.4 -4.0 14.1 8.3 -16.7 -0.4 6.1 4.7 7.7 20.0 -8.6 10.2 -6.9 -1.4 -4.4 -0.3 5.7 -9.3 -15.7 -17.4 8.6 17.1 7.6 2.4 -18.1 17.6 1.6 -14.3 12.9 -5.5 8.7 19.4 -0.2 19.5 -20.0 -17.7 -4.1
-0.4 -16.1 18.5 -6.4 -9.8 0.9 9.0 13.6 15.7 0.1 8.0 14.5 11.8 12.4 13.7 0.1 -19.0 0.0 -7.0 14.2 11.8 17.0 -14.3 -14.8 -15.5 -5.0 -9.0 -0.7 -12.4 -15.0 -8.7 6.0 3.6 12.3 9.5 -5.3 4.6 18.2 17.8 -12.3 4.1 18.7 18.0 11.9 -10.9 14.3 -7.7 15.8 -16.6 -19.2 17.6 5.2 -9.8 -6.0 -13.4 -2.1 1.3 13.9 14.0 -6.5 -14.3 19.5 17.6 16.9 -13.5 4.9 4.9 -16.0 -7.0 -9.3 -17.7 -8.5 -6.6 9.4 -8.1 -15.8 -8.1 -14.4 15.3 -12.3 3.6 -17.4 13.4 -19.0 2.5 14.7 -9.2 13.7 4.6 16.8 9.5 19.9 -15.4 -9.0 13.5 14.9 -15.8 -14.3 -14.0 -2.3
2.1 -8.5 4.3 0.9 -15.2 17.4 4.9 18.4 -16.2 -5.4 19.5 14.6 -10.8 7.0 -14.6 -2.7 -2.7 2.5 -5.7 12.4 -15.0 2.8 4.9 -1.8 4.9 5.4 -17.5 6.4 5.2 -14.2 3.4 16.1 -1.0 10.1 6.3 -1.4 18.9 18.1 -18.6 3.8 9.8 14.0 6.8 -11.0 -2.9 -11.1 18.4 -2.2 -6.5 1.3 11.2 -1.8 -3.9 14.2 -16.7 -13.1 0.8 15.7 -10.0 2.1 0.5 13.5 15.2 7.3 -8.1 -3.2 0.4 14.1 11.7 -19.0 3.7 -3.9 -15.2 -18.9 7.3 2.8 -17.1 16.6 18.9 6.7 -19.9 6.5 5.0 -8.0 -12.1 19.2 1.5 12.4 -10.3 3.7 -8.0 -6.2 -7.5 8.3 -1.9 -12.4 10.5 15.1 -3.7 19.8
19.1 11.2 -5.4 12.7 9.3 10.9 -1.7 12.0 -8.3 -3.6 -16.6 -3.4 16.4 -2.1 -3.2 -17.0 -9.8 -13.2 -6.1 3.0 -6.8 7.3 -9.2 -4.7 -14.3 4.2 11.8 17.4 10.4 -8.7 15.2 -6.5 -7.4 -1.3 14.6 7.2 -11.7 -8.5 -15.2 -15.3 -14.1 8.8 6.2 15.9 10.5 -13.8 -10.8 14.2 11.4 16.0 16.3 13.2 6.3 -18.6 12.9 -17.9 -7.7 -2.5 0.9 6.8 0.3 -7.0 10.9 -4.5 -19.3 -2.4 -14.8 7.1 6.0 -16.4 -13.0 -13.4 -2.8 3.9 -11.7 -2.6 -12.4 15.9 -2.2 -1.4 10.8 -13.1 -19.7 8.7 16.9 4.2 -5.8 -16.3 -9.4 3.1 14.7 14.3 18.2 9.6 -11.6 15.0 -9.3 11.8 12.4 -4.3
-9.9 -12.7 11.4 16.2 11.2 -14.7 17.0 15.2 -0.3 -4.5 -12.6 -1.8 -9.4 18.3 19.1 13.9 0.7 -4.4 -2.1 9.7 -2.7 0.1 -15.7 7.1 9.5 8.3 13.9 -5.0 16.8 15.4 -8.9 19.0 15.7 18.0 13.4 -19.1 -10.9 8.3 10.8 11.7 10.1 -3.3 -0.3 9.7 8.1 -6.3 -4.8 2.3 15.9 4.2 -1.8 -15.5 2.7 -0.5 3.5 -2.0 -13.9 -5.4 -14.7 -2.2 16.4 3.8 -6.0 18.8 2.5 -5.9 -2.4 -18.4 -4.7 -3.6 -19.3 8.5 -13.8 -18.4 19.0 -11.4 15.1 -3.0 -20.0 2.9 -14.3 1.9 9.4 15.9 5.5 11.7 -6.0 -13.6 -12.9 -7.2 -9.7 8.4 10.0 -3.8 3.2 15.3 -14.3 2.0 12.2 9.4
0.7 18.7 -14.1 17.2 17.1 -4.6 -6.2 -17.4 -7.3 2.3 -9.5 -9.0 5.8 18.4 9.2 7.6 -6.9 12.9 -2.6 15.7 11.0 -0.3 1.1 11.9 -16.0 -0.3 -3.7 -4.1 15.1 -2.2 2.4 3.6 -15.9 5.1 18.2 6.7 -0.8 -13.2 1.1 4.2 -10.0 12.2 0.3 -9.6 6.4 4.2 14.8 -13.6 -13.0 -15.3 -14.3 9.9 9.5 -11.8 -12.1 -18.2 -14.5 4.6 7.3 -2.4 -9.6 6.8 6.5 -3.0 -6.9 -18.6 15.9 -16.0 14.5 4.8 -9.2 -3.5 13.5 2.3 -17.9 7.0 18.0 1.6 -9.7 -11.8 12.1 3.0 -18.6 13.1 19.6 -19.9 -11.5 -0.9 17.0 -2.5 -5.0 -19.4 3.5 17.2 3.2 1.3 -18.8 -7.6 12.5 -18.1
-3.9 16.8 -9.0 -1.8 8.6 19.1 -9.2 -17.3 -8.3 -4.2 16.7 -13.4 7.7 -14.7 5.8 15.4 6.0 -15.6 -4.0 10.7 12.3 17.3 -9.1 -2.3 10.9 13.5 -18.4 3.8 19.0 -7.2 -6.8 8.5 7.1 6.4 -18.7 -13.0 8.4 16.2 5.5 11.6 -8.8 -19.1 -14.5 -4.0 -0.1 -7.5 2.6 15.9 -7.4 17.9 6.5 -3.1 -5.2 -14.7 -10.4 -0.6 -1.2 3.8 -13.5 14.0 14.3 -5.1 10.5 -3.8 17.8 -14.4 14.7 -6.3 -3.6 8.4 5.7 -6.4 3.3 -12.7 -7.0 15.3 -13.9 -18.7 9.4 12.4 -14.7 -10.8 -13.6 -10.5 -8.7 1.4 -16.8 -18.4 13.5 17.0 -8.3 -15.3 -1.5 -18.1 -9.1 17.0 -16.9 10.4 14.2 -19.5
15.9 -3.0 -18.4 -18.6 15.9 19.7 -5.3 -13.9 0.5 3.0 -8.5 -4.7 -17.5 -11.5 11.2 -9.5 8.0 5.1 13.8 -12.6 16.4 -4.3 0.7 8.5 -18.7 10.4 3.0 -4.9 12.3 2.6 11.1 11.4 -7.0 7.2 -11.2 7.5 -11.2 18.1 -1.6 -3.7 11.1 12.8 -18.3 7.0 2.0 -18.9 -1.1 10.9 6.6 -6.0 -13.0 -19.9 9.5 -5.6 -18.4 -9.7 4.8 -3.8 0.9 6.2 7.6 15.4 -3.5 -18.9 4.6 -16.7 -4.5 10.3 -17.0 15.5 5.5 19.8 10.9 -3.2 -5.0 4.9 6.7 0.7 17.7 18.4 2.4 -10.6 17.1 13.9 11.8 -5.1 7.3 16.5 -17.8 16.8 -13.2 -17.6 -3.2 14.3 -4.2 2.0 0.4 -9.3 9.2 -3.4
17.4 1.9 16.3 -2.2 13.7 -9.9 -7.3 11.5 10.1 13.3 13.0 -12.1 9.2 11.0 18.9 -9.2 2.8 -6.0 -8.2 10.5 18.0 -1.7 -10.2 10.7 -13.2 8.5 -11.6 -3.4 4.2 14.4 -5.1 17.1 19.8 -3.1 14.1 5.8 -5.9 -11.3 19.0 -19.5 -7.1 -4.1 7.8 -12.6 12.0 6.1 -2.2 -3.0 -6.4 16.2 12.5 -3.8 -7.1 6.5 -18.5 -19.2 -17.5 -0.8 1.3 5.2 -19.7 8.7 13.4 -14.6 -10.5 -16.8 -11.9 -11.1 2.1 3.5 3.0 -11.9 -11.4 3.7 13.2 10.6 16.2 13.5 15.6 -19.4 -16.9 17.4 13.7 17.9 12.6 1.8 5.2 -6.2 -17.8 16.4 -4.6 0.2 -1.9 -19.9 -2.7 -12.2 6.5 6.7 13.5 11.3
-8.3 -20.0 17.7 2.3 8.8 -13.4 -5.4 8.3 -0.3 17.9 19.6 -9.1 -1.5 -0.3 -6.6 -2.3 11.3 4.9 5.2 9.7 -13.8 0.7 -7.5 4.2 12.2 -9.0 16.7 -2.1 -8.7 0.8 -19.5 -11.9 19.8 2.6 -4.7 -12.2 14.2 15.2 2.3 20.0 1.9 -4.2 -0.4 10.1 18.2 -5.0 12.4 2.1 4.9 -19.8 1.5 5.0 0.0 6.9 -16.4 -10.5 2.8 16.6 -2.5 -14.6 -7.4 -19.0 8.2 3.0 -3.5 8.3 11.5 -9.8 -3.9 -12.7 -12.3 -19.1 -7.5 -14.6 10.8 -16.0 17.5 3.1 -17.8 9.8 -15.2 -14.3 -13.5 -1.3 -11.5 -1.5 -12.6 -5.2 -17.3 -9.9 11.8 -18.5 -4.3 17.6 -8.0 5.9 1.7 -17.0 -5.0 -0.8
5.8 12.8 19.0 -2.9 -1.9 -4.2 6.5 5.3 11.4 -9.9 -3.7 -4.8 -9.6 -18.3 14.2 -15.9 -9.5 -7.0 5.6 10.5 -9.9 -9.8 4.9 7.2 -14.5 16.7 -4.2 -18.5 4.0 12.9 6.8 -4.0 -13.9 15.5 -19.0 -14.7 -3.3 9.6 -5.6 15.8 -7.3 9.7 13.4 -11.4 3.7 -19.7 -18.6 18.4 -5.2 17.8 -19.4 10.8 -17.0 -13.3 11.2 -18.9 3.0 -16.7 15.5 -6.2 -16.3 -5.3 -13.5 -13.9 19.2 10.9 -14.1 -5.8 -18.5 19.1 -1.6 -16.1 17.1 4.8 15.4 17.8 5.4 8.4 -3.3 16.9 7.8 1.8 3.6 -6.5 14.6 -8.2 14.5 1.4 10.0 10.5 2.6 -19.8 2.1 1.9 10.4 -10.4 0.4 11.9 7.3 2.9
3.5 -6.8 4.9 15.8 7.9 8.4 -5.0 2.8 12.7 -2.4 -11.6 -18.1 -3.0 8.6 13.2 -12.4 7.7 -14.7 0.0 -10.4 7.0 -6.9 -17.3 -9.7 -10.7 -1.7 -6.8 -3.5 2.5 12.6 19.4 19.7 -19.1 12.4 -11.0 8.8 -18.9 5.9 -19.9 -7.4 -18.6 -10.4 11.8 -19.2 19.9 11.1 -18.4 1.7 -15.7 2.2 -14.3 -13.0 15.1 -5.0 -1.8 6.7 -15.7 -12.1 -14.3 -3.9 -4.9 -1.2 -16.8 14.5 -14.1 5.6 2.7 18.4 6.1 8.5 3.3 15.2 -17.2 -5.1 -11.6 -2.7 -13.9 9.1 -0.1 16.2 5.3 5.0 18.7 -3.9 -7.0 18.3 8.4 12.4 -11.4 -10.8 -9.2 -16.2 -17.8 -8.9 -15.7 -0.6 -7.6 -2.1 -14.7 0.5
-2.8 -10.2 -16.4 17.1 -11.0 14.9 17.7 15.6 19.2 12.6 -8.5 10.9 -19.4 11.8 16.8 -8.0 -16.3 -17.9 18.5 -19.4 -19.6 -14.9 -3.9 11.5 17.6 14.0 15.5 -7.9 -7.9 5.4 10.2 -9.7 -17.3 19.4 16.6 -10.6 -11.1 -11.9 -10.8 -6.5 7.6 15.3 -13.4 8.7 -15.6 10.4 -8.1 -4.5 -4.8 -1.8 2.8 -5.9 18.7 7.2 10.6 -7.4 18.4 -9.9 15.2 12.2 -3.1 14.5 -10.2 -3.6 -6.7 -10.9 -10.8 -0.8 -17.3 9.5 16.9 -16.2 -0.5 -4.2 -15.6 -16.8 13.6 13.9 9.2 -13.1 -6.0 0.6 19.0 -16.9 -19.1 -16.4 -4.5 18.4 -0.1 16.7 16.8 -3.9 16.8 -2.0 15.8 -9.2 -10.7 6.4 7.3 7.0
2.6 -6.5 -9.5 -18.5 4.3 14.5 -7.0 5.5 -7.4 -6.6 -10.8 -6.2 -13.8 -5.0 -13.4 9.0 -11.8 -15.6 -16.0 -8.5 -14.0 6.9 -9.3 -19.3 -18.3 11.9 9.9 -7.8 -14.2 -12.7 -4.7 14.7 -7.1 16.6 -15.1 -12.2 -7.4 -2.4 14.8 4.3 9.6 -18.3 -17.4 -19.6 -2.1 14.3 -5.4 -12.0 15.9 -13.9 19.0 8.5 -10.3 12.1 -17.8 -16.0 6.4 3.4 -18.6 9.8 18.0 -4.2 -14.1 16.5 1.1 10.6 5.7 18.1 -10.8 -6.0 -5.1 -17.2 -11.0 -0.2 -15.3 3.6 -18.7 17.2 -1.9 16.6 -9.3 -17.9 -15.1 17.7 -19.9 17.0 13.2 -4.6 -10.8 -8.2 -16.4 -15.6 -6.4 -13.6 -7.6 -6.1 12.9 0.7 -18.3 4.4
-9.7 -5.1 11.0 9.0 10.0 2.7 -1.2 16.2 -7.6 4.7 -15.4 -17.8 4.2 15.1 -13.8 5.2 6.3 12.6 2.8 18.2 3.9 -11.5 14.7 11.4 0.4 -16.6 6.8 13.5 1.4 -3.2 -5.2 13.8 3.1 -8.1 1.4 4.1 -0.7 -10.0 12.8 9.9 -6.5 2.2 -13.6 17.8 -20.0 -5.2 -16.9 0.9 -14.9 -5.0 -0.9 -11.8 -5.3 10.8 -16.7 20.0 3.7 -14.4 -12.8 -7.8 -0.3 -7.0 3.3 9.3 -20.0 16.7 -5.3 6.5 0.6 -14.1 7.7 -8.6 0.9 -1.1 -10.7 0.5 11.4 13.5 5.9 -2.1 4.1 15.9 -14.7 6.2 17.1 -2.0 -7.0 -8.7 2.8 -10.0 -8.8 -17.7 0.2 -4.4 -10.1 6.4 11.5 15.1 0.5 20.0
-8.2 17.9 10.3 -1.5 17.2 -7.1 -17.9 -11.8 -11.0 6.5 -9.3 -9.5 12.2 2.3 13.4 15.0 -17.1 -13.1 11.6 16.5 -15.4 9.8 7.0 -19.5 -18.9 -18.9 4.1 17.2 -6.4 16.2 -7.2 -17.1 -18.5 8.8 9.0 16.8 15.2 2.4 1.1 -5.1 0.2 -14.1 -10.9 3.9 11.5 6.3 -11.2 9.9 -9.1 -15.6 0.0 8.1 16.6 -13.3 8.8 13.5 -0.8 -14.3 -15.0 7.8 1.4 -16.4 -11.4 -12.7 8.2 7.5 1.4 -15.8 16.4 19.4 20.0 -18.0 5.7 16.2 -9.6 11.3 -17.4 15.6 19.7 12.3 -11.9 2.3 -6.2 18.5 17.3 14.6 -12.3 -8.1 -1.6 -17.0 11.9 16.2 -7.5 -5.9 2.8 -7.7 17.2 2.6 9.2 -14.9
7.4 5.8 -15.8 -15.0 -14.5 17.5 11.8 -14.2 -13.3 9.2 -5.7 -6.6 8.2 4.1 -5.5 -7.0 10.4 -14.0 7.3 19.7 -19.2 1.4 4.0 -15.7 17.8 -18.1 -10.2 -3.3 12.8 -7.6 4.4 4.6 -0.6 -13.2 5.5 -10.6 -19.1 12.6 10.7 -17.7 -15.5 18.5 18.2 13.8 -16.7 17.8 -8.2 7.5 9.2 -9.7 17.2 8.6 -14.6 -16.9 -4.4 14.8 -13.8 -5.1 3.3 -19.0 18.4 17.5 11.2 -2.4 -11.6 5.4 -17.4 14.7 16.6 -0.7 4.4 16.8 -19.6 -13.9 -12.4 -13.8 15.6 5.8 -2.6 6.0 16.1 19.2 -9.5 16.5 11.9 1.9 7.5 6.5 19.8 -1.8 -17.1 18.0 -9.3 -12.8 15.3 4.2 -2.7 9.6 18.9 -14.7
-14.3 8.4 -6.9 14.3 -13.2 -2.4 7.8 -6.4 -1.2 7.1 -9.7 12.0 -3.4 -18.9 -13.6 -5.3 7.8 -10.8 -3.1 10.0 -15.9 -7.3 -2.6 12.6 1.0 11.9 -14.0 -6.3 13.2 -16.0 13.8 17.0 -12.6 -11.3 -3.3 -12.1 -7.4 -2.9 -15.2 -7.3 -0.2 -8.7 12.0 -1.8 17.1 17.3 -8.4 1.8 4.6 -15.7 4.7 11.6 16.2 -3.4 -0.9 -16.5 -14.2 2.7 18.4 -18.0 -10.0 -5.8 -15.6 2.1 8.1 -1.1 4.0 -2.5 13.9 6.4 2.2 13.9 -10.6 10.8 -5.7 -1.3 -1.8 -10.1 19.0 13.3 17.3 8.3 7.1 -0.6 -2.5 -13.7 -15.7 16.3 -10.2 -14.7 16.3 16.2 -8.6 13.2 14.5 10.7 10.7 -3.0 10.6 5.9
-9.5 -17.5 4.8 19.5 9.7 -16.7 -2.5 11.0 -1.6 -2.5 -9.2 9.7 4.4 -11.8 5.9 6.8 13.5 19.8 -11.1 5.0 -6.5 10.7 16.4 -2.2 11.6 -6.7 -1.4 -4.8 4.5 -4.7 -16.5 -4.4 2.1 -0.1 5.7 -12.4 -1.5 -15.4 14.8 4.4 12.4 -5.5 17.3 -10.5 11.9 -5.2 -1.2 -20.0 -13.5 5.4 9.9 11.5 6.5 -12.4 11.9 14.3 -8.4 -10.2 2.1 -18.8 8.5 -0.1 -17.2 -19.2 -13.9 -15.7 -3.0 9.6 -2.4 -3.5 -5.6 9.4 -5.8 11.2 18.9 -14.1 -18.1 7.5 -19.0 0.4 -8.0 -7.0 -19.5 2.6 -3.8 2.4 3.8 -20.0 15.0 5.9 5.5 3.2 2.4 11.6 -5.4 17.3 19.2 -12.4 -11.1 7.4
-19.2 -8.7 -13.3 -16.8 -18.0 -19.2 -2.9 6.3 -15.4 -2.9 -5.4 3.6 -1.9 -9.1 18.6 4.7 15.5 6.0 14.4 7.7 9.3 -18.4 9.1 -9.0 -16.6 -19.2 -0.1 -12.4 7.2 8.4 -10.6 19.0 -13.4 5.2 -13.1 -10.9 0.6 15.3 18.3 0.6 3.3 7.1 2.4 -4.4 17.5 19.6 5.9 14.3 0.9 3.8 18.7 5.2 -9.8 -9.3 -10.9 -10.8 2.0 -6.1 19.1 -13.1 5.4 -5.4 -7.6 -0.1 -15.5 18.2 20.0 -1.9 -1.4 -0.6 -0.9 -13.8 3.2 14.9 -3.0 -9.5 -14.5 -1.5 -7.5 10.3 1.5 -4.3 16.3 14.9 15.1 12.4 -5.7 16.5 -19.6 -11.3 -3.7 -1.7 2.4 -15.6 -1.3 16.3 -10.8 13.3 5.1 -12.3
17.1 -19.5 16.5 -10.8 -10.6 -18.3 -5.1 -9.5 1.3 18.4 -3.2 17.5 -0.3 -7.1 5.7 17.7 17.8 18.7 4.4 0.2 -0.9 -4.9 13.3 19.7 -5.0 7.7 -3.0 -7.9 19.9 -6.8 3.2 -8.5 1.6 -11.6 4.9 16.1 -1.6 -12.4 -0.5 -12.8 -6.8 3.5 11.2 4.7 -20.0 17.6 -4.3 17.5 -2.9 2.6 -15.7 -5.0 8.7 -5.8 1.7 4.5 -7.8 19.4 -2.9 -9.1 -0.7 -13.7 -11.2 -15.9 15.4 3.1 -19.9 15.0 19.4 5.9 8.4 9.0 8.9 -16.9 -16.3 -7.5 13.3 -19.6 1.7 -19.5 -0.7 4.4 6.5 -19.5 8.4 -7.2 -16.8 13.5 -12.5 11.5 10.0 -4.9 10.4 9.9 -11.6 -7.5 -11.7 11.1 -13.1 -16.3
-7.3 12.4 -13.3 15.0 12.9 -3.2 5.2 -2.9 0.5 -9.0 -8.2 8.4 -0.4 11.3 15.4 -9.9 -6.8 -3.1 17.0 9.5 -19.7 19.0 -13.8 4.3 -9.8 11.4 -5.4 -5.4 -16.5 7.1 -4.7 13.5 12.7 -0.5 -12.1 -16.8 4.3 3.4 -15.8 15.0 0.4 -12.8 -13.6 5.0 -3.2 -14.1 17.6 -1.2 -10.6 6.7 6.4 -9.2 1.7 -5.0 -10.5 -1.7 -3.6 -8.5 0.2 1.7 -6.6 5.7 8.3 -7.7 -8.5 -2.0 -4.4 -19.1 -10.8 7.7 -19.7 -18.1 19.2 -12.4 -6.1 -4.2 -12.7 -17.0 17.4 -16.0 7.6 8.6 -11.8 9.8 -2.9 -0.7 11.5 -7.2 -0.3 -11.6 6.6 3.6 -12.4 -12.3 5.8 -16.6 19.1 3.6 -18.9 -19.8
-8.5 12.0 -5.3 -13.2 12.1 3.7 -10.0 -8.5 -2.1 -6.4 4.6 9.7 11.6 18.0 -18.9 -5.3 -19.4 7.1 13.5 -14.1 4.7 9.2 -18.1 -14.0 -19.4 -7.3 -3.3 2.2 -9.7 14.3 5.2 17.3 9.7 -4.8 -18.7 -9.1 -15.5 -14.0 -4.8 -8.3 7.0 -6.1 -10.7 -13.1 10.8 0.1 -8.3 -16.2 0.1 -9.1 2.2 -13.0 -9.5 -11.6 18.8 7.9 -14.3 14.9 7.7 7.5 9.3 -3.7 6.7 15.4 -6.8 -18.4 -14.9 5.6 -11.0 8.5 3.1 -20.0 -11.3 -1.5 11.0 -5.9 -7.0 -11.5 -0.2 8.6 5.3 -7.7 -17.0 -4.5 13.1 16.2 -11.9 -2.9 -18.3 0.3 8.5 -16.8 -1.5 16.3 16.5 2.6 -8.2 -19.9 17.3 4.3
-11.4 -2.4 3.4 -6.8 -18.5 -6.8 -18.0 13.3 -18.3 -6.8 11.2 3.1 1.8 5.2 8.9 8.0 13.6 -1.1 -4.2 -4.4 13.6 3.8 -6.5 17.0 -11.5 -5.0 15.0 15.7 8.2 11.1 -5.0 -10.5 -14.0 -19.0 -3.9 -18.9 -3.1 19.3 -1.0 -2.9 -13.2 -12.0 -1.4 -3.3 -19.7 -18.6 16.4 -19.6 15.3 -1.9 -7.1 10.3 1.6 12.3 -5.6 5.3 -11.1 17.6 -2.1 -5.2 -13.7 -16.4 -18.9 -11.9 4.6 -16.0 4.8 15.2 -12.4 -10.0 -8.2 -2.7 12.9 15.3 -8.7 -4.7 14.2 6.0 16.9 -16.8 -2.7 -6.4 -5.7 9.2 -15.6 -1.0 17.8 -4.4 -18.1 16.8 17.8 18.1 -5.6 13.1 3.2 9.0 11.3 -10.4 -4.3 -5.2
17.6 -17.8 -7.4 0.0 0.0 0.0 -7.4 16.1 -1.6 -0.7 -8.0 -7.7 -11.1 -16.7 -3.7 -2.1 8.9 -0.7 -5.5 14.7 -19.0 19.9 -2.6 15.9 -11.9 -18.9 -10.6 2.1 -2.7 -19.8 14.6 15.2 19.3 -11.9 3.0 -11.6 -11.9 2.5 -15.8 -3.9 -18.2 -8.2 18.0 -18.4 -15.6 2.5 11.2 -9.3 -3.2 -8.1 -19.9 -6.0 14.7 7.5 9.6 -6.1 -1.2 -9.8 -5.8 -3.4 -15.4 -5.2 -17.1 -4.1 17.7 -19.4 3.6 7.8 7.4 -15.4 19.5 14.9 14.8 5.6 -6.9 6.3 16.2 5.0 17.1 1.9 12.3 0.4 -12.8 7.1 5.8 -7.1 -10.0 10.7 -18.4 13.3 -16.3 1.8 0.0 -1.5 -5.3 14.4 3.9 8.1 0.5 -1.8
12.4 3.9 0.0 -13.1 -19.8 1.6 -13.0 -14.9 -18.8 6.1 -2.3 -19.8 10.0 -1.1 15.3 -10.5 -1.3 -11.7 -16.5 0.6 8.3 14.1 -17.4 0.1 6.6 9.0 0.6 6.1 -10.3 5.0 9.1 0.7 -1.5 -10.7 -15.0 -17.9 -3.8 -17.0 -14.9 -7.0 2.5 3.6 13.9 3.8 12.3 17.9 -18.6 15.2 3.3 -9.9 -1.4 -3.9 -6.1 -13.0 12.8 8.1 5.8 -3.6 3.9 3.2 1.9 -13.7 7.0 19.0 -17.2 -4.3 7.6 -18.7 14.5 -3.5 -19.3 4.6 -10.3 6.6 -2.3 -0.3 -12.1 5.3 -17.4 -7.3 -18.4 -3.3 19.3 2.8 14.3 -16.0 -18.5 -5.8 -17.7 -4.8 -4.4 10.3 -11.5 16.4 8.4 -13.0 12.4 0.9 -6.8 9.5
-15.7 13.8 -14.7 -19.1 0.8 3.9 8.0 -5.7 3.4 7.7 -8.9 -18.1 -4.9 -0.7 -11.4 8.3 19.6 12.8 -19.7 14.1 7.2 19.1 18.5 18.8 -8.0 4.0 -6.0 -3.9 3.2 -11.0 -12.5 -12.2 -16.5 15.4 1.7 -3.8 9.4 -8.6 -10.6 5.4 4.5 -17.0 -7.0 1.4 -19.7 14.9 -18.9 -8.6 -7.5 -18.7 -6.4 -11.3 4.1 7.7 -5.0 3.4 -14.7 7.0 16.1 16.0 13.7 1.6 4.8 0.2 3.3 17.6 1.7 9.3 14.6 -18.0 -4.4 -17.3 -3.0 17.3 11.9 0.7 -14.2 -10.2 -17.6 -10.8 15.3 15.9 -9.1 -2.6 18.8 9.7 -18.6 13.7 8.6 13.1 18.1 -17.2 7.4 -12.4 19.0 9.9 10.1 8.1 -16.1 7.1
13.9 0.5 0.8 2.2 -13.8 15.9 -7.3 -7.8 8.4 -19.9 18.4 12.3 -7.3 0.6 20.0 -5.6 13.8 18.3 -17.2 3.9 12.7 -6.2 -3.4 -6.6 -17.0 11.4 9.1 18.4 9.7 9.9 19.9 -3.4 -6.5 -15.3 -13.0 -13.5 -3.5 17.6 12.8 -7.7 1.5 -3.9 4.3 19.7 -10.6 -9.8 4.4 -3.8 -2.9 -16.9 15.8 18.1 -12.4 -18.0 -7.6 -5.6 -6.4 1.8 -3.0 12.7 -7.6 -17.4 -19.0 -6.8 -3.5 17.9 -0.3 -19.7 6.7 -7.0 -11.3 -19.4 -6.9 2.9 -18.6 5.9 16.5 -9.7 -18.6 -13.2 -3.3 -9.3 -5.7 16.6 0.2 12.2 -15.9 5.6 10.5 -10.2 -4.2 11.4 12.1 -19.0 18.2 15.2 19.1 -19.5 7.6 2.3
2.9 17.4 15.9 -2.8 -5.3 5.1 7.0 7.9 4.4 19.1 13.3 15.1 5.5 6.9 10.0 -4.3 -10.2 0.1 4.6 19.0 -3.4 -5.9 -11.8 0.1 -9.9 15.8 -15.6 8.1 -10.3 14.1 17.8 -10.8 11.3 -5.0 11.0 12.0 -12.3 12.1 17.7 6.4 -1.8 2.0 3.0 3.7 -11.5 11.3 19.5 19.7 -18.0 -5.0 6.9 -10.4 3.6 10.7 -1.9 14.0 -17.6 8.2 18.5 -19.5 -14.9 11.5 14.5 -12.7 18.2 -16.2 -11.3 -3.5 5.1 -15.7 17.7 -13.0 15.5 6.6 -2.6 -11.1 -7.0 -5.6 0.1 -18.6 10.8 -1.1 -3.9 10.6 12.4 -1.0 1.1 18.5 12.6 0.4 -6.7 9.0 5.9 -15.1 13.5 1.9 -4.6 19.1 6.0 7.9
4.4 1.8 19.1 19.4 -14.3 13.9 4.1 7.0 -17.5 19.0 -16.0 -16.1 -19.4 5.1 -3.5 2.2 -6.8 -17.1 -16.7 6.7 7.6 11.4 0.0 11.8 -3.2 16.4 17.6 4.9 -17.7 16.5 12.1 -9.6 16.0 17.7 17.2 -3.7 15.8 -8.0 -2.2 -18.2 13.1 17.2 -6.2 0.7 -14.6 7.7 8.4 4.4 19.7 18.6 -14.7 -18.0 -2.6 15.5 -15.5 -3.8 17.4 15.9 13.9 -6.1 -14.3 9.9 19.7 11.1 -8.5 -13.9 13.4 15.3 8.9 -0.8 1.1 2.5 18.7 -13.4 -11.4 -11.6 -3.5 9.0 -13.1 12.5 -3.9 4.9 -6.0 -15.1 -9.2 -10.3 -20.0 -15.9 -17.2 -11.6 -18.3 -19.5 -2.0 6.0 0.4 -9.4 -14.2 -2.2 7.3 3.8
-10.5 -2.2 -7.5 -10.1 -2.7 -6.2 6.3 -7.0 11.6 -4.2 14.7 -5.4 4.6 -19.6 2.7 -9.5 15.9 -7.1 4.0 -8.4 16.7 9.0 16.9 16.3 19.2 -15.5 -19.5 16.1 0.5 -17.3 -13.6 1.8 16.3 15.7 -3.7 11.1 -12.8 1.3 14.9 -6.8 -2.9 -9.4 -10.1 -1.4 -8.8 -17.2 9.9 9.6 -1.1 14.2 0.4 -17.7 18.3 -7.7 -4.7 -0.3 -3.2 -4.5 13.4 -4.0 13.5 -8.8 16.3 -5.5 -5.2 -5.6 -17.2 -1.3 2.2 -5.6 11.6 -12.3 6.9 -6.9 19.0 -16.5 -9.2 19.7 6.5 -16.7 19.5 -6.2 -12.0 -11.2 9.2 -19.1 -18.9 -9.3 13.1 14.1 18.8 14.0 2.8 -12.1 -12.5 4.7 7.3 -0.5 0.9 -7.9
3.9 -19.4 12.8 -2.7 -15.8 7.3 -13.0 -14.3 -14.2 -13.8 1.6 -15.5 -14.1 16.1 17.2 -1.0 -9.1 0.6 -4.5 -1.2 18.4 -7.8 -2.0 -11.9 3.7 -7.1 -15.0 -13.8 15.0 10.2 -1.0 -3.9 17.3 -10.9 10.5 5.5 16.3 13.0 6.1 6.8 4.6 -6.1 -2.9 -19.5 -13.6 -15.4 -14.4 -5.9 -9.2 -4.4 2.8 -0.8 19.6 0.7 15.7 -6.6 1.9 1.3 8.2 20.0 0.1 -18.8 2.0 -19.0 -5.9 13.6 19.1 -0.7 -19.6 18.5 -5.1 1.8 15.9 -16.3 15.5 16.5 3.4 -13.6 -14.4 5.6 -14.5 -3.5 -18.7 14.0 9.5 7.0 0.0 10.6 -3.1 19.8 -13.6 3.6 -8.3 -19.2 -18.4 -19.6 -15.8 1.2 19.3 -3.2
50
433.09 759.66 801.27 598.74 48.05 395.65 560.19 195.81 734.76 314.28 294.26 320.45 277.92 901.64 236.51 799.49 520.77 325.15 793.46 708.22 270.33 294.44 291.5 675.73 974.22 928.29 749.44 918.32 941.75 211.7 561.68 505.99 103.32 276.44 595.7 719.57 708.66 537.63 510.28 388.15 427.84 93.99 914.74 342.17 157.44 479.76 441.2 809.32 876.52 676.7 785.52 688.1 778.07 148.49 146.1 577.04 897.56 719.27 15.23 698.76 114.71 949.24 76.08 487.84 866.81 415.07 286.82 290.0 650.74 278.06 879.74 114.64 46.1 533.15 683.44 4.98 647.77 753.19 870.2 842.99 396.53 41.41 690.59 968.88 502.15 410.91 370.58 861.44 314.53 789.46 21.78 89.98 277.02 379.52 49.05 812.95 871.45 650.12 343.04 570.7
875.47 944.68 566.54 260.16 992.14 826.86 611.98 351.17 733.96 219.19 184.35 303.63 536.73 390.01 166.4 479.08 744.5 901.41 607.6 447.27 372.42 587.34 140.55 133.91 576.03 76.49 225.16 493.75 199.31 788.31 948.29 26.69 126.56 843.77 675.49 282.58 348.27 593.83 370.28 307.0 94.18 334.66 528.21 42.36 197.86 794.98 444.57 966.65 681.67 698.53 781.17 665.41 664.25 90.07 903.64 553.45 868.69 16.73 348.29 251.86 122.09 223.51 244.1 832.98 904.66 309.46 530.21 770.91 571.27 416.15 545.52 545.81 48.77 461.15 520.51 18.29 314.12 818.76 137.84 650.67 838.57 972.35 841.28 931.66 91.09 215.58 434.12 298.21 327.37 857.81 798.11 183.96 197.62 879.99 396.64 649.44 187.9 494.78 208.5 966.81
771.33 335.19 467.78 185.61 715.51 654.08 632.14 250.29 950.46 415.56 94.96 153.34 439.83 839.54 41.47 59.8 707.4 243.4 795.1 944.36 527.79 760.67 356.19 946.57 654.21 640.08 582.56 244.43 541.44 900.63 940.92 734.35 938.56 681.56 771.91 564.55 528.0 219.76 139.42 976.83 163.3 226.97 157.94 931.73 800.6 612.69 542.35 367.5 259.65 441.53 536.5 684.26 385.93 948.48 712.77 383.54 708.83 535.25 452.97 841.74 94.47 703.92 14.36 609.82 500.5 180.18 433.22 2.24 269.15 671.04 736.88 354.55 435.14 265.49 67.68 294.32 736.21 97.82 851.09 838.08 62.57 454.76 329.27 62.81 789.25 120.24 92.17 873.55 591.57 981.62 490.67 242.29 654.16 823.34 92.69 174.38 228.86 110.7 779.24 686.83
8.55 84.56 642.48 734.29 33.65 318.02 485.65 136.98 91.32 683.5 516.72 312.97 613.17 456.32 680.25 469.53 770.99 299.76 186.95 727.71 227.1 892.55 624.26 921.26 178.42 285.29 843.7 134.9 384.7 460.02 701.56 119.23 537.94 878.77 541.78 364.1 444.21 277.82 256.7 83.66 841.83 605.13 921.89 217.83 33.42 838.98 968.72 755.11 300.96 603.38 921.91 250.7 972.55 530.18 533.48 651.95 604.5 488.7 665.89 455.18 425.85 300.11 149.29 256.97 528.92 803.01 987.59 720.85 463.65 496.95 418.11 256.89 805.72 754.2 402.7 718.69 244.22 522.72 919.97 482.82 176.84 749.38 66.61 10.29 682.22 139.16 482.37 145.25 708.58 596.3 831.34 793.45 256.47 167.91 676.11 764.92 632.89 242.67 175.49 320.73
546.63 580.38 3.84 851.76 399.58 51.92 184.13 378.67 236.74 614.74 687.14 922.95 867.19 179.35 95.03 172.56 619.84 167.82 33.83 944.98 829.78 696.42 126.08 572.87 520.43 705.33 774.12 728.07 428.25 421.05 476.44 741.15 423.84 324.01 925.78 669.8 529.93 440.18 773.4 563.57 47.09 155.38 884.31 542.45 759.07 25.46 869.79 3.77 141.18 676.64 437.85 617.99 374.55 408.38 588.16 460.77 129.46 70.23 929.12 823.55 33.27 418.01 755.36 778.66 71.39 182.36 50.34 831.15 308.68 559.38 390.07 933.67 141.95 732.5 857.48 852.28 494.27 579.01 428.01 430.61 303.56 541.7 940.23 961.32 642.35 127.32 458.37 893.7 741.76 453.94 201.73 657.91 50.31 128.99 651.19 420.73 158.89 406.32 599.31 838.34
985.39 728.57 980.11 482.28 836.92 909.92 438.14 974.16 893.1 98.62 518.06 620.46 3.09 571.63 827.37 671.51 300.34 192.71 563.77 247.7 133.55 627.41 619.48 482.99 362.02 128.9 598.67 38.77 571.44 281.04 579.97 942.1 883.02 317.46 827.34 164.16 9.69 50.19 307.47 460.78 148.16 338.55 326.87 991.61 796.85 369.85 430.19 40.76 565.45 970.56 902.97 598.07 737.19 840.96 40.9 74.06 424.46 870.96 275.28 708.53 897.48 266.18 287.01 957.03 629.96 13.5 261.62 442.36 889.53 361.93 743.78 148.21 817.51 434.59 520.77 514.82 312.48 243.03 241.11 104.68 554.78 264.12 708.25 396.86 142.53 60.79 313.74 812.19 805.45 416.38 493.64 606.1 374.33 960.34 969.52 147.81 339.89 144.79 549.63 93.64
812.31 585.59 56.76 737.09 911.39 705.03 106.72 619.03 462.32 213.03 710.06 312.6 724.83 98.13 24.82 623.72 230.15 138.95 282.56 84.19 949.76 135.52 736.36 635.11 786.22 897.57 165.87 108.33 16.8 534.09 397.11 151.57 367.9 233.49 100.63 868.36 393.23 222.43 607.11 758.31 621.04 986.11 40.72 77.61 323.22 401.97 172.16 860.24 323.93 587.8 678.53 904.56 276.88 999.6 695.56 434.77 307.6 925.67 364.25 501.96 667.87 432.41 78.14 476.75 919.88 233.62 63.65 363.49 17.17 942.99 349.76 299.82 305.27 367.72 291.97 166.53 267.98 280.77 223.62 831.26 946.31 641.3 980.8 634.99 104.82 986.24 986.86 229.2 641.5 509.5 543.84 930.08 581.22 546.61 407.36 2.89 421.06 739.3 261.82 423.73
397.47 172.28 516.82 974.34 828.46 441.0 131.44 263.48 721.59 665.23 392.94 490.15 481.31 831.32 661.02 653.33 135.4 754.21 506.31 531.49 342.39 636.23 649.86 608.76 257.71 20.46 129.12 890.9 791.85 89.07 646.24 979.46 654.46 990.22 927.17 708.86 688.41 849.46 191.88 902.34 655.39 81.2 664.02 354.79 958.69 465.74 281.88 721.24 796.54 188.29 200.89 452.88 726.39 51.01 276.04 645.86 240.49 229.83 776.22 94.12 582.95 711.88 498.74 63.89 385.38 635.05 350.56 269.0 802.4 969.07 35.58 330.05 478.29 912.83 993.42 935.58 129.6 491.1 930.06 932.65 462.66 683.32 54.87 399.8 513.1 342.88 777.6 167.52 364.96 99.39 829.71 742.57 526.8 878.65 58.28 18.87 208.77 691.89 209.36 952.37
368.88 234.3 869.88 997.39 264.91 411.68 832.83 612.39 794.22 326.21 562.05 3.83 907.78 502.32 520.14 63.65 685.49 439.33 487.54 527.27 389.1 963.88 385.11 815.97 403.41 575.61 214.2 626.15 6.73 213.68 892.52 86.41 354.05 590.4 466.08 119.24 497.15 424.37 878.91 920.99 496.4 173.77 874.6 361.51 565.66 433.55 129.34 578.46 959.8 428.55 766.64 166.8 75.63 347.89 672.91 65.08 748.13 637.63 586.6 881.42 888.22 126.4 471.08 977.83 839.49 785.76 765.9 56.53 886.02 821.22 757.35 338.93 358.26 863.98 681.8 625.68 256.69 733.44 847.54 198.96 203.0 480.19 508.75 85.84 642.76 987.46 12.41 142.05 774.56 743.23 486.34 274.38 753.06 643.11 534.84 724.2 345.57 246.16 187.05 598.95
894.73 775.78 153.03 356.89 474.79 205.82 118.99 857.08 598.34 964.72 446.12 30.28 686.96 637.56 740.04 944.65 359.5 758.43 219.18 261.64 456.69 253.73 323.82 41.04 177.02 685.57 287.4 579.6 672.43 125.17 348.1 538.37 667.71 895.34 163.77 834.04 43.12 291.09 942.49 533.92 72.3 19.08 897.63 2.51 886.08 905.92 163.73 38.97 583.31 570.73 812.7 927.89 120.58 286.48 77.87 41.68 122.52 245.25 14.42 58.49 702.85 952.96 742.24 657.02 545.86 684.74 13.28 213.39 289.02 922.46 980.68 472.17 139.94 417.84 934.11 437.45 324.24 335.9 880.67 409.17 189.84 475.67 417.46 630.87 599.6 717.88 132.79 172.01 45.28 602.97 542.7 116.04 624.8 723.88 479.71 230.36 595.32 310.44 538.54 992.62
352.55 208.39 734.78 596.29 37.52 864.99 744.88 908.09 78.28 536.13 743.48 844.16 588.93 507.76 786.43 746.08 990.96 710.65 63.34 232.78 483.51 468.24 105.87 134.88 987.76 398.05 758.38 475.23 831.2 812.42 982.45 245.75 424.37 575.57 403.81 882.91 58.04 39.61 611.7 680.59 717.85 152.13 954.68 288.21 54.83 906.31 277.77 811.1 181.8 288.89 859.75 737.69 311.79 275.58 486.4 958.58 502.33 904.56 486.2 43.3 548.89 411.85 552.59 887.1 59.73 180.55 875.54 787.39 168.27 649.64 688.87 738.49 512.62 891.32 351.42 597.25 347.43 432.48 994.52 862.08 257.36 427.24 201.26 562.36 655.04 851.95 641.25 499.99 801.03 495.53 239.98 287.91 343.97 607.49 812.3 144.35 313.99 562.06 843.75 259.13
720.89 94.88 323.85 473.6 635.79 720.03 536.91 849.49 784.31 703.32 161.22 291.57 958.52 133.64 486.42 676.25 319.49 809.02 776.53 314.96 278.78 421.03 62.11 94.48 809.51 514.03 895.2 944.26 906.74 546.56 479.11 984.45 726.23 263.85 220.19 458.42 360.58 709.46 208.65 96.55 476.93 526.37 959.24 995.75 891.26 798.95 745.51 312.82 626.61 973.84 364.25 327.13 785.37 625.87 72.62 779.76 446.26 871.15 925.08 279.21 663.0 693.3 272.0 18.89 427.91 422.81 130.15 989.31 113.11 84.31 469.72 602.99 513.14 951.17 394.34 102.38 795.29 243.62 871.12 817.26 38.72 623.37 660.59 799.29 652.65 475.3 318.15 101.7 530.63 617.93 421.9 985.57 404.33 999.31 34.43 106.3 32.03 653.58 574.6 714.95
936.22 769.29 208.87 64.93 270.17 17.19 710.49 803.78 523.89 506.25 462.21 903.95 172.49 112.57 722.56 763.05 356.54 657.87 156.38 83.88 325.67 716.22 407.46 400.83 728.56 716.59 126.45 874.82 694.14 691.25 964.61 580.09 674.14 81.37 124.55 486.33 735.62 541.14 933.32 650.39 939.77 956.57 767.02 906.63 224.47 660.76 190.32 268.22 961.26 131.82 338.89 878.86 194.89 968.96 715.53 781.0 575.93 78.81 419.94 500.17 490.59 183.15 879.14 474.84 785.07 402.28 115.58 55.01 213.96 796.68 736.42 617.01 77.67 276.33 190.14 134.25 713.47 325.21 310.32 636.3 21.53 512.84 384.63 434.27 581.49 478.75 42.11 569.88 471.41 584.52 296.14 828.74 121.05 687.4 235.8 546.93 805.79 164.12 10.06 864.15
622.88 733.09 295.45 696.46 272.23 712.06 843.7 534.04 819.49 967.06 91.32 202.7 326.65 482.45 919.58 63.0 731.65 944.15 688.46 787.56 341.73 94.95 606.07 130.87 178.93 965.68 321.73 828.13 554.66 532.54 699.78 760.07 917.44 250.92 312.26 297.17 741.58 157.72 513.64 920.6 82.12 220.6 257.25 204.41 2.19 31.6 837.03 71.18 81.65 128.4 870.3 701.36 693.73 504.21 297.13 665.56 341.83 386.27 755.76 852.08 428.29 472.05 831.5 75.61 66.87 974.78 388.88 187.5 965.95 437.23 496.59 260.82 893.98 219.82 46.56 515.44 989.86 901.93 604.79 42.18 393.65 337.14 981.3 656.16 487.84 48.78 578.13 408.28 554.59 776.97 594.31 953.11 152.2 816.72 919.82 98.32 535.76 46.93 524.6 841.21
345.24 571.14 623.81 404.87 127.3 208.11 835.96 42.26 425.31 430.37 407.33 260.98 337.37 210.93 74.38 328.11 685.4 621.74 633.4 598.49 745.77 288.44 82.87 665.27 747.66 816.91 663.81 82.32 704.89 232.63 814.37 629.97 349.37 275.9 407.34 624.4 368.98 603.73 967.76 97.1 119.66 27.59 664.54 515.12 620.58 300.85 950.27 213.7 774.26 553.64 624.1 29.48 560.24 540.97 758.36 629.34 546.61 260.39 280.74 285.09 797.57 441.81 657.92 162.93 371.09 786.58 76.77 849.04 28.89 696.83 357.32 697.73 200.24 363.94 280.24 120.88 943.93 191.71 858.03 527.71 479.78 46.46 793.03 61.56 80.17 204.5 502.3 920.62 289.94 221.34 72.87 734.42 590.41 149.62 727.29 125.36 823.05 286.31 33.72 373.66
239.57 887.18 883.51 382.12 96.55 710.42 272.25 576.06 292.3 284.4 390.57 4.92 869.6 337.8 272.79 614.67 915.97 268.31 335.35 597.86 351.09 159.31 125.43 752.61 340.89 47.84 214.81 716.91 682.25 17.47 888.3 166.57 821.14 105.24 384.07 611.89 381.52 344.01 197.46 211.19 736.09 826.37 899.77 848.45 25.24 785.55 447.0 26.63 479.26 682.94 331.56 187.77 982.46 985.39 514.08 872.17 100.29 560.96 936.07 352.3 574.58 363.28 600.83 961.34 931.41 494.63 643.6 470.6 38.88 853.6 102.43 327.1 590.75 537.76 229.38 34.02 49.31 319.35 497.25 534.23 988.12 495.42 441.67 540.27 178.32 690.42 771.19 676.76 9.47 912.13 881.22 564.09 533.32 99.64 719.58 181.66 544.73 738.61 946.23 13.31
610.9 731.0 225.69 25.44 759.07 726.21 376.02 835.61 508.1 88.09 222.98 438.57 493.82 451.4 246.98 102.5 305.29 243.26 976.92 943.18 405.07 750.84 822.01 154.33 469.44 959.42 749.98 126.12 954.02 760.32 996.26 552.09 592.35 798.32 560.12 10.34 222.84 709.33 923.88 516.87 313.57 2.54 966.4 199.27 67.11 829.57 380.82 808.33 982.2 949.19 625.3 97.73 767.49 116.9 432.75 598.94 351.18 332.54 971.68 758.77 377.96 371.17 772.99 738.72 154.28 478.95 582.97 253.45 931.15 490.41 33.28 845.06 291.26 187.36 846.99 496.13 322.28 740.63 69.33 128.43 911.8 27.74 705.45 602.82 732.95 231.71 829.17 834.04 958.96 254.99 714.24 483.2 922.08 116.1 782.52 819.04 265.16 715.99 742.39 277.44
281.34 687.85 784.42 793.19 317.48 99.68 854.91 227.22 424.32 419.83 283.49 297.39 372.69 203.01 914.48 755.22 431.88 312.1 374.6 831.81 450.53 414.67 758.8 839.09 561.89 886.03 615.06 289.9 770.41 816.07 960.75 73.59 656.58 6.4 170.02 78.45 105.54 405.91 279.8 447.76 529.3 313.69 459.77 331.18 786.11 266.21 938.13 210.09 760.4 427.54 289.0 256.79 608.68 852.29 982.85 113.94 677.48 166.23 609.33 874.8 110.28 802.99 331.5 436.41 83.5 476.02 740.48 291.54 705.05 493.72 170.08 241.55 26.14 412.69 915.87 164.74 47.49 979.35 439.18 572.31 321.04 175.93 755.52 155.46 394.87 891.19 652.55 518.94 27.33 429.0 736.19 481.68 647.15 94.36 216.1 879.71 267.14 765.97 750.63 638.76
258.97 657.56 171.92 597.7 424.25 54.31 98.36 46.14 766.04 527.05 351.48 686.65 878.3 611.39 626.19 856.2 734.7 772.68 574.56 305.69 761.93 516.6 185.46 118.33 105.02 726.59 19.02 755.9 309.75 996.26 182.21 528.47 99.7 112.11 936.84 846.86 929.16 946.78 361.95 968.26 409.11 13.13 80.6 429.56 892.33 121.74 753.9 534.13 615.44 350.11 695.58 892.99 780.12 756.41 891.06 838.55 92.84 996.05 70.28 215.74 815.38 166.51 698.52 374.97 129.74 849.53 768.02 384.81 889.86 615.83 15.2 668.62 672.82 533.2 310.9 458.83 561.75 901.64 952.28 759.19 402.75 149.81 196.79 29.84 365.22 397.06 479.78 429.04 19.83 711.15 926.37 101.61 442.54 721.8 54.44 628.63 258.08 539.52 873.1 678.79
524.32 219.94 388.11 144.14 509.17 393.2 898.59 149.27 199.84 409.06 987.62 718.09 8.57 780.28 883.61 737.16 892.62 80.54 596.2 773.88 655.73 567.1 928.12 755.37 448.11 149.77 59.83 716.36 264.51 913.12 59.16 98.42 921.09 814.71 380.12 478.55 926.64 5.88 825.42 150.77 16.68 850.85 558.84 397.7 180.06 441.97 272.86 926.26 227.94 986.29 10.83 784.36 829.26 589.57 922.19 243.84 624.72 999.81 488.71 318.98 558.46 553.59 735.76 846.47 390.51 912.45 942.31 469.12 734.15 330.1 575.96 104.39 287.49 791.9 802.78 629.87 716.35 573.69 825.45 970.52 823.8 198.68 167.93 911.28 352.68 839.86 263.41 324.81 846.75 492.22 198.55 791.58 966.06 286.1 759.73 368.89 326.55 637.02 511.28 958.9
66.36 632.14 917.27 873.8 173.8 15.31 814.38 579.49 292.51 529.18 440.03 298.7 806.52 243.28 623.08 206.91 494.82 765.78 135.51 845.39 155.39 294.13 840.25 845.4 720.3 527.3 85.33 153.93 653.34 604.5 28.6 623.09 759.84 743.54 293.18 996.14 901.15 138.16 480.0 12.62 481.35 374.99 207.51 807.39 128.7 550.33 528.87 567.24 185.16 74.53 695.2 748.59 883.13 187.93 314.73 632.15 415.91 386.28 326.64 124.32 162.69 684.01 714.62 881.43 980.74 167.54 403.94 593.17 331.11 753.17 512.8 13.02 871.71 741.56 313.25 412.09 703.55 528.41 107.95 237.7 912.41 126.07 38.63 887.15 267.03 547.06 213.04 257.03 597.63 240.14 577.94 110.1 48.04 768.9 521.81 751.45 78.01 664.84 965.08 178.89
692.37 866.91 815.76 512.64 908.87 449.18 71.32 151.96 739.5 52.46 180.74 327.15 753.41 967.61 259.7 22.46 183.77 264.54 966.52 618.78 126.31 512.71 227.95 129.21 716.24 42.16 659.38 822.58 469.76 473.46 726.85 921.84 608.77 470.4 794.39 169.36 672.98 548.22 516.86 815.9 507.55 356.52 186.92 524.21 505.04 137.22 783.97 603.42 105.3 740.31 55.82 587.49 162.02 274.88 821.88 20.71 764.03 228.68 865.92 39.55 476.03 64.45 605.27 792.58 493.39 210.04 749.81 168.72 978.8 630.03 889.82 402.07 426.37 167.49 601.28 925.53 741.35 821.78 953.59 406.71 843.63 693.08 246.58 748.49 820.68 169.12 490.89 505.07 199.49 933.29 417.4 642.24 182.69 183.15 915.67 535.05 997.42 408.06 410.24 993.91
621.55 748.14 366.19 998.75 41.54 109.64 567.86 455.08 132.82 497.21 418.03 316.35 760.93 951.01 421.65 845.27 220.98 80.15 571.99 807.35 5.28 766.39 993.34 132.52 510.96 865.76 453.03 32.85 207.22 158.4 594.04 224.19 343.44 901.34 613.92 849.32 161.89 28.75 868.29 938.66 944.79 578.59 557.08 205.11 579.23 23.23 702.97 133.42 881.7 83.34 91.05 233.0 517.61 55.99 486.46 46.89 527.26 586.88 461.24 896.18 925.28 894.97 196.46 208.73 404.76 425.17 221.33 977.93 827.84 253.93 798.97 971.5 159.84 348.32 949.17 732.75 674.76 316.15 882.62 610.6 769.11 515.94 921.53 88.01 860.39 902.11 504.98 225.27 918.59 617.91 562.07 755.17 585.57 246.73 342.97 250.13 274.62 829.74 311.21 470.06
660.48 305.82 397.51 398.03 798.63 766.65 60.19 471.26 549.89 522.04 495.99 76.48 909.69 7.71 780.21 733.91 839.29 762.26 514.64 987.03 970.81 814.24 22.25 995.61 819.58 471.36 79.98 907.85 746.62 1.94 85.02 244.83 161.31 436.04 27.17 65.03 953.21 275.71 109.81 431.89 374.87 514.41 825.66 135.07 932.2 872.97 356.54 651.32 330.98 888.42 553.11 864.39 173.73 238.79 62.5 614.46 208.17 296.04 696.9 546.45 739.88 516.36 179.97 140.41 571.6 450.85 512.44 220.19 475.14 469.01 68.96 513.57 341.33 936.26 137.31 570.34 16.85 232.27 563.18 50.21 139.13 404.99 160.38 261.95 54.02 556.57 578.66 36.78 801.68 945.18 112.2 531.2 799.42 318.52 610.18 620.47 806.14 69.22 328.1 981.02
185.2 760.73 47.33 119.39 346.1 217.13 813.77 904.1 758.88 844.15 286.33 89.13 348.6 805.22 953.99 625.0 526.12 868.81 950.82 975.86 369.83 614.62 732.78 961.4 459.36 141.99 664.85 448.34 798.62 191.19 218.69 884.92 364.57 541.96 426.1 691.46 225.56 232.41 147.15 285.71 915.47 165.92 674.97 914.42 951.3 978.26 667.47 121.63 14.28 734.15 170.68 876.91 543.46 403.52 723.96 259.87 687.01 13.67 170.59 614.26 149.45 899.05 184.85 67.22 100.62 529.09 808.5 436.6 810.82 146.39 770.8 212.62 356.32 808.77 727.47 683.44 636.01 409.81 767.06 178.24 123.74 874.39 257.77 744.08 277.07 844.09 177.45 707.01 5.49 698.19 266.99 462.57 744.04 575.27 434.31 273.58 403.62 226.96 724.74 51.33
545.26 543.63 239.67 589.08 969.12 964.92 611.49 850.55 673.51 125.39 677.46 527.54 895.57 714.46 584.41 689.81 479.97 286.88 489.95 293.24 861.68 107.24 240.03 705.91 345.61 652.58 544.48 251.2 996.93 225.98 788.52 179.52 68.53 797.89 374.2 303.95 459.83 290.66 329.57 434.57 102.58 380.6 953.68 738.67 32.08 373.18 267.87 199.79 101.95 387.4 616.74 134.48 121.56 109.08 202.81 617.55 90.48 545.62 113.98 539.17 957.96 785.17 722.54 755.27 962.54 827.54 215.7 875.22 630.79 70.69 627.51 195.27 481.84 714.81 660.59 537.49 480.19 565.61 941.38 346.83 213.81 411.33 216.55 721.97 450.99 904.21 383.19 72.83 923.57 829.24 249.47 413.79 907.61 787.8 364.87 574.06 122.47 10.12 220.39 720.35
229.89 585.46 319.22 195.5 66.19 361.25 501.53 564.59 725.21 724.31 878.72 922.5 107.83 865.03 624.21 479.29 632.91 136.62 988.52 68.67 92.78 150.44 525.79 669.19 191.32 937.25 695.1 811.36 524.91 631.31 174.05 8.6 373.79 242.92 574.2 208.83 77.24 433.9 437.68 555.46 303.44 713.19 118.48 902.08 936.66 939.48 519.33 367.86 552.27 437.15 552.86 956.77 927.95 416.29 66.33 71.97 311.4 387.33 287.75 700.89 145.39 501.08 546.08 76.12 324.97 147.6 869.4 1.05 623.85 183.73 782.23 861.09 74.86 959.0 511.95 418.46 221.24 200.29 928.14 372.99 748.52 70.97 840.52 669.2 257.99 520.79 544.22 244.52 431.47 376.82 222.79 989.8 779.4 44.36 329.38 282.0 571.63 848.16 352.92 32.28
997.5 116.55 878.86 112.73 134.97 331.64 288.85 984.68 969.55 250.34 519.65 509.53 878.74 994.1 998.44 328.35 522.76 409.51 589.06 816.8 298.72 327.73 319.72 400.81 764.34 272.7 424.37 383.78 926.78 511.15 185.97 142.27 446.35 712.03 438.3 293.94 439.5 297.17 795.81 776.37 703.53 98.36 503.18 780.35 304.88 49.8 782.38 543.47 943.81 318.59 445.31 647.94 553.21 948.76 844.11 847.09 264.67 535.06 507.39 19.46 920.35 385.38 688.75 72.43 257.9 220.59 347.77 121.97 700.38 870.13 26.71 116.96 67.18 249.94 962.36 298.49 564.45 844.71 708.5 966.49 411.05 954.46 171.41 677.61 853.27 243.0 544.34 439.82 195.54 593.31 349.31 941.72 520.43 492.38 470.26 384.99 377.37 926.45 990.91 55.93
102.31 35.64 876.93 92.76 556.22 663.41 26.74 548.03 357.64 592.62 992.32 702.91 652.77 268.85 679.49 837.89 112.13 620.64 273.59 888.62 295.93 888.28 274.13 175.58 320.1 133.09 620.3 977.83 442.25 842.91 114.45 767.53 109.61 439.28 449.57 446.86 212.34 525.94 131.43 446.99 315.69 66.34 243.66 726.49 204.57 880.32 233.43 175.42 288.14 435.89 171.33 815.27 411.55 66.74 185.5 636.99 471.32 725.18 871.09 564.97 400.9 221.79 931.89 174.57 703.28 661.38 858.99 148.26 273.88 676.47 528.69 195.84 224.41 438.75 423.39 92.16 891.71 241.15 3.78 874.25 503.55 28.75 793.53 490.12 155.12 433.3 40.73 76.7 763.61 734.37 270.94 459.28 513.99 223.58 884.73 641.89 882.01 760.17 711.12 370.53
73.68 727.47 648.93 899.08 511.34 290.08 673.03 301.65 134.84 690.48 556.25 435.83 188.82 374.74 984.65 490.91 504.02 938.39 204.51 372.46 354.86 292.21 260.83 611.61 861.9 326.71 933.27 547.56 533.2 753.07 601.85 330.86 359.47 756.45 232.03 675.62 179.29 289.63 822.24 441.48 132.3 547.48 614.89 223.9 278.02 925.81 885.73 548.47 473.26 533.86 985.48 58.07 923.44 397.36 438.11 751.27 956.08 425.92 499.67 146.55 533.78 593.46 918.84 574.77 766.2 885.18 604.49 403.4 25.28 14.75 655.79 787.66 389.19 865.95 75.98 848.24 219.11 619.88 84.68 35.48 484.32 876.3 607.43 290.78 272.08 963.71 18.83 472.52 16.72 203.32 487.25 631.07 238.79 282.49 348.78 26.01 776.74 513.27 747.76 47.38
458.63 699.95 538.53 772.97 393.53 861.27 946.11 104.61 598.31 593.95 289.33 250.73 716.41 715.37 893.74 720.06 718.56 117.45 573.93 644.77 214.58 965.37 744.68 901.75 179.73 951.19 414.37 23.14 82.08 899.7 6.13 169.95 844.96 922.6 440.7 319.6 828.81 736.07 465.07 25.46 196.4 226.13 632.07 94.1 892.56 579.03 129.82 140.08 751.08 296.02 166.02 555.08 295.22 289.99 901.57 778.67 498.45 904.01 516.72 201.77 827.07 181.04 184.78 655.24 541.38 553.8 989.37 56.13 914.78 952.38 912.66 205.41 588.02 43.31 292.04 733.93 42.34 67.07 846.26 808.24 199.21 970.83 520.07 268.22 876.48 257.82 942.74 214.15 785.93 708.2 431.66 603.25 387.69 639.56 229.62 99.82 182.5 675.64 427.94 163.32
239.7 353.29 427.37 103.88 997.03 466.74 608.85 535.39 541.91 394.0 806.42 922.16 658.65 667.87 664.38 920.46 966.96 51.7 605.42 738.33 476.71 179.52 67.28 78.88 298.88 756.61 251.73 552.37 339.53 869.03 448.25 397.19 538.16 562.63 80.12 648.64 398.65 75.6 734.87 280.06 249.03 501.03 432.42 658.62 594.54 315.35 152.65 516.29 63.53 428.09 861.02 757.42 267.76 251.18 65.13 610.8 170.07 534.8 181.97 744.91 781.07 121.1 344.21 391.57 335.67 343.91 661.04 616.68 869.69 920.34 649.9 434.22 872.6 682.02 335.72 55.78 473.75 743.0 803.33 682.41 365.48 998.95 7.0 397.98 330.05 991.89 341.33 265.8 654.99 851.9 145.99 181.1 87.98 436.55 439.45 293.89 135.73 997.32 614.27 118.34
384.51 526.02 677.17 783.95 177.01 318.07 59.18 108.68 209.92 550.75 848.08 770.89 177.67 328.31 804.13 577.12 343.77 216.79 946.39 539.23 633.41 272.02 188.51 288.58 161.01 460.09 469.03 406.39 731.76 230.26 82.86 185.33 748.99 692.26 31.42 161.94 931.39 323.22 817.22 514.0 184.08 668.26 159.62 311.44 636.15 821.1 920.87 710.37 619.62 690.06 142.91 662.25 301.72 253.13 400.11 725.12 819.09 901.06 769.55 844.32 590.3 394.23 59.84 105.09 768.55 809.44 535.7 489.89 1.42 359.95 753.47 691.7 635.76 413.43 512.59 492.39 584.25 742.81 339.63 709.54 182.84 529.76 206.67 14.15 488.25 27.74 354.16 848.03 969.88 306.08 246.81 891.87 768.16 591.26 139.39 311.27 284.9 113.01 498.67 626.23
526.0 18.77 631.91 478.32 762.86 780.43 825.28 366.69 761.84 938.25 125.42 936.04 326.75 932.73 192.22 241.6 165.69 441.38 83.08 290.88 867.23 673.7 726.02 152.04 262.15 128.21 713.07 79.68 991.43 84.67 363.47 308.91 207.5 912.44 902.68 435.04 967.97 889.84 762.08 597.21 521.4 408.29 232.48 327.56 212.85 698.23 420.57 210.43 491.02 264.37 323.08 866.85 400.97 260.02 668.42 356.03 640.95 170.87 760.82 379.63 618.0 279.78 77.0 455.27 975.69 287.29 702.09 877.69 172.79 682.26 656.69 256.58 703.91 683.15 212.22 830.36 74.68 309.87 305.12 363.37 440.17 512.42 118.61 508.0 75.06 597.34 134.27 464.35 165.21 977.66 498.9 909.15 31.14 993.61 42.81 371.28 283.64 713.37 739.38 897.21
387.82 609.6 391.44 399.08 363.7 275.05 490.01 519.94 783.43 286.3 572.49 952.85 557.88 471.63 797.26 208.11 207.45 631.49 386.78 45.34 536.86 201.8 400.36 287.76 205.05 490.48 837.88 710.64 568.46 4.88 811.57 98.35 719.87 386.77 836.78 892.57 741.23 177.33 87.29 683.08 264.54 561.26 25.45 892.02 660.98 792.98 174.89 145.75 496.29 292.45 506.88 412.4 583.17 432.12 327.81 553.82 887.45 702.46 509.28 261.08 328.81 306.37 572.65 70.23 503.59 630.53 873.46 184.48 302.07 929.61 101.04 154.18 789.35 641.33 478.55 163.32 666.53 858.84 12.7 79.06 316.69 628.82 338.66 142.14 363.28 832.76 241.15 942.04 204.7 506.33 357.01 803.21 256.63 527.18 713.99 944.52 261.85 189.76 132.52 222.07
736.91 924.29 451.78 984.95 628.59 637.56 394.95 437.43 225.48 4.86 622.78 462.4 2.68 316.1 696.12 270.96 271.86 84.09 799.06 498.7 128.72 46.48 193.62 85.59 942.86 765.55 111.79 181.71 310.84 252.39 376.5 17.34 241.98 824.34 134.6 881.87 713.58 595.75 50.83 854.0 973.38 927.93 565.96 614.43 631.18 845.35 28.41 647.96 789.53 505.0 800.35 891.5 797.54 864.83 477.77 287.2 507.16 926.59 816.5 433.51 233.79 543.22 268.47 801.6 464.28 188.2 971.03 184.46 748.41 266.94 689.97 608.46 824.99 703.73 238.84 447.82 323.48 887.66 958.49 899.71 198.57 429.8 5.42 941.23 348.73 628.94 991.93 966.89 969.62 254.24 378.81 503.52 590.93 855.6 994.04 952.85 662.05 57.58 74.97 470.58
550.95 917.78 169.48 483.23 965.47 397.47 721.26 404.59 946.78 847.42 479.4 34.16 899.11 381.84 487.29 986.24 828.94 810.31 502.98 884.88 757.26 984.53 829.75 92.7 629.09 422.3 674.36 484.8 168.19 277.84 413.73 340.76 1.56 113.74 927.48 243.0 643.25 214.08 890.58 662.93 561.58 182.16 373.45 966.52 405.69 896.44 832.18 988.62 483.11 29.77 438.39 728.74 623.39 877.92 781.57 959.12 131.97 795.92 728.62 303.02 728.32 307.48 683.21 400.96 730.52 217.74 554.1 327.99 565.35 662.19 575.87 774.51 631.66 202.87 873.82 532.27 62.8 143.61 446.91 915.02 603.25 783.16 783.43 131.82 824.46 925.79 260.95 264.31 513.09 961.54 580.26 900.15 875.99 747.98 763.92 801.85 15.54 15.52 844.0 800.01
330.15 192.16 386.89 81.21 844.53 391.09 266.02 765.94 495.43 650.35 828.55 589.11 516.21 904.11 932.87 989.18 896.68 417.3 474.09 762.48 850.52 103.15 276.68 778.24 389.31 305.52 154.2 57.45 665.77 980.93 144.95 320.66 998.11 600.87 404.01 257.34 890.1 518.16 971.05 454.26 960.23 651.6 754.06 130.19 434.79 597.65 320.66 86.55 924.39 113.2 512.15 405.35 601.0 762.24 314.22 729.8 390.38 65.28 124.51 803.8 36.64 835.11 175.93 976.11 627.81 490.97 359.37 28.78 657.19 395.69 660.16 627.18 763.09 407.22 546.17 396.76 498.91 835.6 686.04 854.13 388.7 310.33 379.86 997.18 944.09 363.89 225.04 711.63 643.95 605.68 335.5 994.98 407.84 453.15 899.33 798.85 210.74 89.55 299.59 485.94
861.08 760.4 542.14 944.82 305.94 672.43 650.89 684.75 811.79 150.34 544.97 639.56 421.62 514.4 697.31 195.96 522.31 549.18 607.29 336.8 654.21 748.86 447.26 831.48 133.97 52.58 254.42 674.8 277.33 239.31 543.77 8.69 416.63 164.71 349.09 390.43 559.4 741.99 486.34 558.0 286.16 185.03 786.52 146.89 177.58 542.15 113.57 652.59 734.37 201.99 320.8 849.47 973.9 915.55 411.19 998.89 665.62 415.45 481.14 707.07 825.85 578.35 59.46 467.05 760.05 641.37 695.91 653.67 229.02 874.71 715.85 368.08 174.08 440.84 12.29 31.77 14.29 802.31 848.41 459.5 874.08 279.23 727.08 972.27 335.13 883.66 999.2 348.85 956.91 243.2 301.94 568.17 12.11 650.18 58.7 227.56 965.86 209.47 147.12 3.19
345.24 657.76 393.77 622.67 715.36 169.68 996.56 163.53 887.4 407.44 417.21 400.37 211.17 512.99 950.29 93.3 700.31 20.51 915.46 990.82 764.01 21.1 200.59 842.87 58.32 193.52 589.32 307.67 82.27 714.23 615.09 718.62 871.54 466.94 114.63 405.21 800.35 53.94 731.47 520.21 747.68 249.13 673.26 628.99 140.64 122.94 807.79 865.8 854.92 752.86 772.39 306.76 41.7 273.54 754.05 149.26 999.93 871.71 857.8 382.93 629.2 638.54 887.66 749.25 870.94 68.33 502.13 929.77 399.51 784.05 890.97 211.18 742.11 657.58 177.68 936.45 324.94 263.61 963.16 500.97 767.43 445.01 619.36 286.64 413.66 107.06 658.07 396.72 439.03 860.22 386.51 750.86 797.63 943.35 895.93 160.25 13.88 919.85 989.12 974.79
144.32 460.27 86.15 854.86 248.98 562.55 459.06 672.66 698.63 402.03 772.47 688.69 444.27 193.63 774.19 168.71 261.52 313.54 944.07 975.07 514.85 145.17 229.44 505.66 846.3 566.94 961.47 864.72 296.45 293.93 652.86 661.89 779.52 9.35 925.52 498.01 997.96 445.93 967.14 41.23 448.78 122.39 311.45 966.19 270.44 18.89 216.04 438.55 85.53 557.98 346.54 809.84 190.96 468.76 948.19 854.48 302.09 620.25 335.41 999.62 810.29 365.6 664.18 231.96 368.29 141.62 950.55 183.76 251.06 84.03 717.54 854.97 416.67 646.72 912.48 610.73 327.83 294.6 690.6 54.1 798.37 655.1 38.42 457.54 12.56 395.91 606.07 528.02 103.65 791.16 231.62 595.35 331.01 288.13 241.49 916.85 86.3 231.02 660.34 283.54
869.19 267.09 281.72 973.42 284.2 596.43 976.28 282.44 533.98 759.97 820.98 594.62 47.55 70.08 863.77 524.7 567.86 712.37 530.07 638.17 43.91 226.77 861.85 236.99 279.59 642.1 198.27 606.78 386.29 903.7 53.58 302.41 603.79 395.16 519.92 473.82 709.33 111.45 897.01 774.22 29.1 170.27 904.24 891.94 590.73 627.64 854.45 118.16 423.95 2.0 273.27 759.98 135.7 741.62 243.73 491.21 934.89 147.93 661.5 216.81 445.92 5.62 815.32 304.92 733.14 524.86 946.9 815.28 33.78 269.35 674.33 298.27 367.68 726.61 459.06 768.64 965.76 27.34 541.2 743.41 362.67 423.11 289.07 629.31 417.57 664.15 875.56 114.4 503.55 670.02 718.38 972.44 185.78 697.46 909.68 879.94 433.06 82.61 943.44 858.3
92.58 889.28 505.12 679.62 744.33 912.16 81.54 99.23 489.87 925.89 100.08 43.75 25.87 659.01 60.71 211.77 972.17 611.56 451.45 410.31 480.15 968.39 275.56 821.42 955.8 905.15 279.61 408.18 897.52 131.83 792.08 160.32 394.52 887.01 653.48 10.64 305.93 667.77 364.95 326.9 696.88 991.35 784.83 511.44 698.77 255.11 250.34 493.47 457.07 792.91 736.81 499.46 123.05 326.13 925.22 295.39 39.9 731.04 990.95 621.09 721.93 710.8 992.97 327.03 459.57 903.68 217.24 793.01 801.86 614.62 380.34 95.24 296.21 296.2 1000.0 70.29 298.14 733.27 400.34 286.01 206.1 204.31 543.5 404.09 774.94 33.14 734.01 681.24 628.35 127.83 287.18 159.44 964.3 649.3 835.41 714.69 990.0 90.63 359.77 83.37
724.86 427.86 414.44 907.53 408.32 284.28 763.0 140.43 930.71 250.78 403.44 603.17 162.87 709.16 932.3 767.43 100.46 340.1 388.95 511.62 121.63 592.92 439.79 541.33 658.69 135.15 951.09 358.46 428.32 739.96 875.4 786.19 213.02 452.29 304.26 723.72 499.22 758.29 501.65 584.63 78.54 867.6 64.99 452.82 55.21 862.04 78.87 994.55 158.75 403.41 946.36 169.93 933.7 905.18 287.78 755.07 783.64 721.91 432.45 452.78 521.98 333.25 525.26 836.15 413.22 66.07 802.86 580.68 648.67 350.03 570.42 504.58 924.46 440.64 384.27 465.43 684.82 881.74 38.74 260.44 550.32 224.41 780.69 633.89 137.87 49.13 435.41 732.38 247.4 382.49 669.03 407.15 897.56 923.31 211.87 863.17 593.76 685.86 176.17 115.13
950.13 384.37 341.75 538.73 951.45 286.79 255.72 145.56 765.83 267.44 440.76 592.33 797.92 516.23 587.38 800.76 454.09 442.08 948.3 861.52 109.02 807.15 222.73 642.71 348.51 374.46 513.86 161.72 781.22 937.36 961.74 610.48 382.18 441.54 954.53 491.4 496.24 680.51 63.94 470.42 487.75 117.35 871.8 57.43 124.08 912.41 676.12 892.57 528.23 637.75 663.04 44.32 268.62 277.71 163.67 460.71 186.32 816.9 495.62 194.55 108.21 346.97 423.11 665.24 170.92 696.21 861.67 832.7 646.57 382.0 436.56 447.76 277.26 275.99 727.23 569.78 920.73 136.17 42.97 685.73 466.48 363.71 803.72 356.23 444.44 202.37 793.52 640.48 684.36 612.01 707.72 688.05 905.38 88.18 873.24 433.86 306.7 808.18 248.93 944.75
884.03 788.15 580.49 697.02 457.04 867.22 995.1 623.3 433.28 69.63 692.47 753.68 260.19 138.42 782.26 289.12 785.15 970.13 941.96 927.85 56.93 81.84 775.12 768.8 529.58 19.17 749.62 867.48 710.35 69.77 256.48 824.11 430.89 539.56 736.7 514.52 354.61 557.83 306.87 409.4 800.44 60.0 670.02 772.64 737.37 239.25 297.12 818.53 411.58 472.34 818.46 413.26 31.71 394.98 52.3 659.32 263.88 974.86 898.09 89.52 59.33 471.26 537.7 993.82 237.13 893.36 214.37 816.32 415.27 389.0 455.47 482.33 271.08 421.87 490.83 724.48 524.8 875.76 37.17 801.14 963.95 485.36 773.28 402.75 266.19 112.44 443.55 246.02 654.43 12.88 493.5 292.33 856.01 136.68 947.47 668.72 758.13 68.6 113.25 564.4
264.7 946.52 416.82 503.59 532.48 573.29 111.34 935.51 809.15 91.41 370.54 407.41 1.8 880.98 959.64 825.12 610.7 268.08 714.58 230.87 333.26 413.22 375.04 372.06 902.15 410.95 779.37 666.58 863.29 293.03 527.87 16.5 128.38 731.4 440.99 717.36 762.97 83.23 774.64 127.22 980.18 542.93 495.79 170.16 273.24 357.14 534.1 296.15 759.38 515.12 498.99 300.16 433.72 799.68 939.37 715.38 587.75 599.59 201.82 23.51 58.98 833.97 928.35 264.32 940.88 48.99 915.38 388.22 573.8 807.94 445.63 544.58 923.81 14.2 499.97 308.79 828.08 403.64 634.8 974.11 888.67 363.53 6.92 16.94 796.48 228.26 437.21 522.33 801.74 103.56 619.4 851.38 5.4 689.58 596.32 531.13 339.8 798.75 303.76 507.98
68.49 397.34 64.7 998.06 8.99 951.75 659.98 733.94 1.73 790.5 983.22 179.63 559.81 192.95 934.13 658.79 428.04 432.7 619.52 698.96 868.88 245.64 526.7 492.17 530.36 160.63 268.56 884.9 371.18 522.85 52.18 444.18 839.48 218.7 823.68 428.0 374.93 889.87 189.23 811.32 226.88 274.84 881.18 464.32 55.08 385.75 298.66 108.05 185.6 951.68 268.27 675.02 736.36 512.76 823.96 505.42 759.69 757.98 263.54 449.17 537.3 553.65 701.49 665.75 540.9 496.03 964.65 355.54 946.33 810.94 915.0 811.26 135.83 960.15 456.58 991.98 36.38 314.68 821.0 570.33 373.71 13.6 127.46 242.0 439.8 220.81 937.74 103.98 620.5 665.07 361.97 354.19 163.04 93.83 797.0 337.64 765.77 329.68 48.46 77.73
945.74 342.21 754.55 407.16 938.12 736.82 203.02 909.62 858.52 482.26 684.64 485.96 796.24 885.41 381.15 287.16 889.5 523.29 448.79 454.75 534.43 261.34 427.12 491.31 366.88 583.39 915.73 208.94 425.52 577.97 144.21 739.97 321.47 734.4 480.08 584.97 443.22 921.42 257.48 42.68 453.46 757.93 872.64 334.57 367.76 371.63 84.29 566.55 840.72 284.88 240.02 467.78 743.73 602.97 421.75 281.85 38.65 203.09 960.24 784.11 409.31 204.51 920.38 611.15 732.66 571.03 251.14 712.46 111.35 56.66 449.11 24.26 340.8 867.92 322.31 60.1 28.34 35.81 948.83 732.63 551.34 791.74 51.79 621.78 940.15 848.91 932.82 898.51 348.81 959.13 627.57 542.55 815.24 921.0 949.78 772.9 848.86 577.1 802.56 546.97
294.05 698.92 742.75 938.26 72.61 790.37 694.19 994.86 579.8 47.4 528.09 433.96 905.82 170.64 321.11 94.98 305.67 917.62 825.09 573.8 653.63 647.82 576.7 633.33 99.98 853.78 823.4 966.0 868.69 163.18 382.7 133.26 811.92 926.8 702.41 505.84 370.82 67.98 594.18 817.31 578.19 582.77 152.38 695.29 943.96 125.45 69.64 873.99 84.21 594.94 562.66 165.25 193.4 314.48 207.45 66.14 696.79 422.04 729.51 492.44 394.28 921.22 120.7 121.41 162.1 318.56 52.81 426.57 969.04 720.29 460.98 944.03 98.94 918.1 593.22 380.34 994.01 936.03 117.82 518.64 956.12 830.48 29.29 764.71 57.61 63.39 855.28 73.28 691.75 744.31 347.13 24.12 362.18 473.54 139.57 395.13 146.44 556.26 819.84 527.87
