100 50
-6.6 -10.7 -9.1 -4.3 -4.4 -19.1 -6.7 -16.5 -13.1 -12.0 -8.4 -0.9 -16.2 -3.5 -7.0 -7.3 -11.4 -13.5 -3.0 -11.5 -4.3 -3.3 -13.3 -9.2 -19.5 -14.4 -8.2 -18.3 -10.3 -18.9 -16.4 -2.9 -1.3 -4.0 -12.4 -3.0 -6.0 -4.4 -0.7 -19.1 -6.5 -18.2 -7.0 -14.1 -14.9 -13.5 -4.0 -1.1 -11.7 -14.8 -4.6 -1.9 -6.2 -15.0 -2.2 -16.3 -8.1 -10.0 -8.9 -4.6 -5.7 -17.0 -0.2 -12.0 -19.7 -11.1 -0.3 -13.9 -1.2 -14.4 -15.1 -18.0 -17.4 -2.7 -9.3 -8.6 -11.1 -3.7 -8.4 -4.4 -1.5 -19.7 -5.0 -10.1 -0.9 -19.2 -11.4 -7.0 -11.8 -3.7 -19.4 -16.2 -16.3 -0.6 -2.9 -9.0 -7.4 -11.8 -2.3 -13.6
-4.0 -5.3 -10.7 -3.3 -6.5 -8.8 -8.8 -8.2 -11.8 -12.0 -13.6 -7.4 -11.4 0.0 -11.1 -11.5 -1.7 -10.2 -11.5 -6.1 -10.3 -4.9 -10.3 -13.1 -3.9 -19.3 -10.1 -8.8 -11.3 -2.1 -3.9 -19.7 -3.2 -7.0 -0.4 -18.5 -19.6 -0.1 -5.3 -9.1 -2.3 -5.7 -10.8 -12.1 -9.1 -17.2 -15.9 -9.6 -7.5 -15.1 -5.8 -15.9 -4.0 -17.8 -11.0 -15.8 -1.5 -11.9 -3.0 -15.6 -7.8 -13.6 -19.6 -17.2 -13.1 -17.1 -5.4 -5.2 -2.0 -10.2 -1.7 -4.5 -18.3 -15.6 -12.3 -18.9 -12.3 -7.7 -18.9 -0.8 -9.0 -9.1 -0.7 -18.7 -19.0 -0.1 -8.2 -7.2 -4.1 -9.0 -6.5 -13.1 -7.2 -11.0 -4.3 -6.5 -0.5 -9.1 -0.2 -8.9
-9.2 -8.9 -14.2 -0.9 -3.2 -0.2 -7.1 -18.6 -3.7 -4.1 -15.4 -1.0 -10.0 -10.9 -10.9 -14.1 -4.3 -14.9 -16.4 -19.2 -14.2 -9.0 -5.0 -15.0 -7.4 -19.5 -8.3 -12.5 -2.4 -15.2 -2.4 -16.7 -13.7 -16.5 -0.6 -12.8 -17.6 -14.7 -16.0 -18.4 -11.8 -14.2 -18.6 -1.1 -0.9 -1.2 -15.4 -9.4 -4.2 -15.9 -14.7 -11.3 -13.4 -13.6 -11.8 -3.7 -16.8 -5.9 -7.1 -11.8 -14.6 -11.2 -16.7 -3.1 -1.0 -10.2 -12.0 -12.8 -17.9 -8.6 -11.9 -3.5 -13.4 -5.2 -2.3 -0.5 -18.2 -18.9 -5.0 -2.0 -1.3 -11.0 -17.5 -13.5 -12.2 -14.3 -6.3 -14.9 -4.5 -12.0 -12.0 -17.9 -4.8 -7.2 -16.0 -13.0 -8.9 -19.3 -15.4 -13.8
-7.4 -14.4 -5.1 -11.9 -19.4 -10.7 -1.2 -15.3 -11.0 -12.5 -15.6 -13.2 -1.8 -0.2 -4.4 -11.6 -16.7 -17.2 -0.1 -2.5 -2.3 -12.4 -0.8 -18.5 -4.6 -1.7 -6.5 -12.9 -0.7 -5.7 -10.0 -19.7 -12.2 -16.7 -1.5 -16.1 -3.2 -14.5 -13.7 -5.4 -1.5 -13.0 -10.9 -17.4 -12.1 -4.0 -9.5 -12.6 -15.5 -4.2 -17.2 -9.7 -19.7 -15.7 -2.1 -9.5 -0.2 -10.0 -18.1 -4.8 -16.6 -10.0 -12.5 -10.6 -19.0 -17.3 -13.4 -15.9 -7.6 -2.8 -18.6 -13.5 -10.8 -5.9 -1.8 -18.6 -7.1 -6.7 -3.6 -17.5 -12.8 -6.5 -10.7 -7.0 -14.2 -19.4 -20.0 -18.0 -19.7 -7.9 -14.1 -1.0 -15.4 -7.9 -4.3 -19.3 -16.4 -9.5 -17.3 -4.2
-16.9 -20.0 -7.2 -2.2 -10.0 -14.1 -0.7 -11.8 -0.3 -18.8 -11.1 -3.3 -16.4 -8.4 -14.6 -1.4 -2.0 -4.6 -17.5 -2.9 -15.9 -0.9 -6.2 -13.4 -10.7 -8.1 -18.3 -13.0 -4.0 -13.0 -15.6 -11.2 -10.1 -0.9 -15.1 -7.4 -8.2 -2.4 -8.7 -1.2 -17.3 -12.2 -0.2 -14.2 -1.5 -18.5 -19.8 -7.5 -11.8 -9.6 -4.0 -9.2 -18.2 -4.5 -18.2 -0.1 -2.0 -19.4 -13.2 -3.7 -3.4 -4.2 -0.6 -8.2 -16.4 -16.5 -11.8 -18.2 -13.2 -11.3 -6.6 -16.3 -18.5 -17.1 -5.1 -12.5 -7.0 -2.4 -3.5 -8.3 -12.4 -12.7 -1.2 -9.3 -19.7 -18.3 -16.6 -16.3 -10.2 -6.2 -3.7 -11.6 -6.9 -18.3 -13.1 -7.7 -14.5 -14.0 -7.8 -10.9
-17.1 -14.0 -14.5 -11.1 -3.7 -2.0 -7.8 -0.6 -8.3 -0.3 -17.9 -7.4 -8.5 -17.5 -19.8 -13.6 -1.3 -6.1 -4.1 -1.7 -9.2 -11.8 -19.3 -13.8 -16.8 -12.0 -19.8 -19.0 -14.6 -3.0 -3.8 -15.5 -7.6 -12.8 -17.5 -4.7 -6.5 -3.8 -2.4 -20.0 -13.3 -14.8 -8.1 -10.8 -11.8 -4.4 -8.6 -4.4 -2.0 -6.3 -15.6 -12.0 -13.8 -14.9 -7.4 -3.0 -2.4 -6.0 -3.5 -0.1 -19.3 -7.8 -17.4 -14.2 -13.2 -7.5 -5.6 -14.0 -10.8 -6.1 -1.3 -10.6 -12.7 -6.4 -12.8 -11.3 -2.8 -13.9 -8.4 -11.6 -17.7 -15.4 -9.4 -6.6 -5.2 -11.9 -19.0 -19.4 -8.4 -12.7 -19.9 -13.2 -3.0 -9.5 -3.2 -18.6 -13.3 -14.9 -9.8 -12.0
-4.0 -19.3 -10.1 -9.5 -9.5 -19.6 -15.1 -5.6 -10.1 -6.8 -19.1 -7.6 -19.4 -17.2 -1.8 -18.2 -7.9 -14.8 -11.9 -10.1 -4.1 -4.4 -10.7 -13.5 -3.7 -5.5 -18.3 -3.7 -9.8 -11.7 -2.2 -13.8 -12.5 -19.8 -12.6 -9.9 -12.8 -9.3 -1.6 -12.0 -15.6 -5.8 -9.0 -12.6 -4.7 -10.5 -17.4 -8.0 -19.6 -15.9 -18.6 -6.4 -10.0 -19.1 -19.0 -13.0 -7.3 -11.0 -14.4 -17.9 -18.8 -0.2 -11.1 -13.2 -14.0 -8.4 -19.2 -10.3 -3.4 -9.2 -3.6 -10.4 -3.2 -1.5 -15.9 -6.5 -13.8 -17.0 -10.2 -2.3 -6.3 -5.7 -11.5 -5.8 -5.9 -19.1 -15.1 -13.4 -13.7 -11.6 -13.6 -3.5 -6.5 -17.4 -19.5 -10.6 -1.6 -11.3 -3.7 -4.7
-6.4 -16.7 -15.6 -19.4 -19.8 -3.9 -9.5 -18.1 -10.4 -9.1 -1.0 -8.6 -3.0 -15.0 -19.6 -16.3 -12.4 -5.4 -2.5 -4.1 -14.4 -14.2 -15.5 -10.6 -17.1 -19.2 -4.2 -7.9 -9.0 -8.5 -19.5 -12.1 -4.8 -12.6 -17.4 -17.2 -7.4 -16.7 -3.8 -18.4 -9.7 -18.2 -0.7 -11.7 -0.2 -16.9 -13.8 -17.3 -5.4 -15.4 -4.1 -0.8 -17.3 -15.8 -14.6 -6.3 -5.4 -0.4 -8.9 -8.4 -16.9 -1.9 -3.8 -19.3 -12.7 -2.6 -8.8 -11.6 -17.0 -10.5 -9.2 -12.5 -11.1 -14.1 -16.5 -17.4 -10.0 -19.9 -8.6 -7.5 -15.4 -15.3 -1.3 -10.7 -6.4 -11.7 -14.5 -10.4 -17.4 -11.3 -1.5 -6.3 -16.2 -1.1 -17.8 -16.4 -5.3 -14.4 -19.1 -17.3
-4.3 -9.7 -15.7 -3.6 -12.9 -18.8 -19.7 -11.5 -2.2 -0.4 -9.9 -3.6 -11.3 -14.2 -9.3 -3.7 -1.9 -17.8 -6.1 -8.6 -0.5 -14.8 -8.4 -10.7 -8.9 -3.3 -10.0 -3.1 -20.0 -11.0 -6.9 -14.6 -12.7 -8.0 -8.9 -15.6 -18.1 -18.8 -15.1 -4.2 -12.9 -2.8 -2.0 -3.8 -3.5 -3.9 -4.6 -16.4 -16.5 -7.6 -18.8 -15.8 -3.5 -4.3 -15.8 -7.2 -18.9 -15.7 -15.2 -0.9 -12.3 -3.3 0.0 -7.9 -18.7 -12.4 -4.4 -5.9 -9.5 -3.7 -2.4 -17.8 -14.7 -15.0 -15.6 -16.8 -3.0 -15.3 -9.3 -8.8 -9.0 -16.7 -9.0 -16.2 -12.4 -15.2 -4.4 -11.7 -4.4 -7.4 -16.9 -18.7 -10.6 -10.7 -7.5 -2.5 -15.3 -17.1 -3.6 -4.8
-13.4 -7.9 -1.5 -13.9 -18.7 -17.7 -19.9 -15.6 -9.6 -17.9 -1.8 -2.1 -9.0 -19.9 -16.8 -6.5 -17.9 -16.5 -17.1 -15.9 -18.6 -12.7 -15.4 -0.1 -5.1 -16.4 -4.1 -4.6 -5.9 -15.8 -8.7 -2.9 -5.2 -15.2 -4.0 -17.3 -7.8 -0.2 -6.8 -0.9 -3.6 -17.2 -4.4 -7.0 -10.3 -7.4 -19.7 -7.5 -2.2 -10.3 -14.1 -2.7 -0.7 -16.8 -2.7 -1.9 -1.8 -9.8 -11.0 -19.9 -6.3 -5.2 -2.5 -13.9 -19.9 -4.0 -16.3 -19.4 -11.7 -11.5 -15.9 -12.2 -9.8 -12.3 -5.2 -9.2 -16.9 -14.7 -8.4 -1.9 -19.7 -9.2 -15.0 -4.0 -18.5 -4.4 -16.0 -4.9 -7.7 -3.7 -11.9 -19.9 -15.1 -5.3 -7.1 -7.1 -3.4 -14.0 -3.3 -13.2
-3.9 -12.8 -18.7 -1.7 -16.8 -8.6 -15.8 -1.6 -13.3 -4.3 -16.8 -5.0 -1.2 -4.1 -1.1 -19.5 -1.6 -18.9 -1.1 -19.1 -19.9 -18.2 -5.8 -0.5 -8.0 -6.2 -11.6 -15.9 -4.4 -8.4 -19.9 -17.4 -17.0 -19.0 -7.8 -1.2 -9.2 -12.1 -2.5 -4.1 -8.2 -11.8 -17.1 -11.4 -18.9 -7.0 -5.9 -12.4 -20.0 -2.1 -16.3 -2.3 -17.9 -10.0 -19.7 -19.0 -16.5 -18.7 -18.4 -11.2 -2.8 -6.3 -11.0 -15.5 -11.0 -0.3 -8.1 -13.5 -7.6 -18.2 -14.8 -8.7 -1.1 -9.2 -9.5 -13.5 -18.9 -1.0 -19.9 -0.4 -5.2 -8.0 -15.5 -9.1 -6.1 -18.3 -9.0 -0.3 -5.9 -10.9 -12.3 -16.9 -3.8 -9.3 -16.9 -11.2 -11.0 -10.6 -14.6 -8.4
-3.9 -12.4 -11.8 -6.4 -19.3 -2.1 -5.3 -3.6 -14.5 -1.0 -13.7 -15.9 -3.6 -3.4 -16.8 -17.6 -19.4 -8.0 -2.3 -18.5 -2.1 -8.3 -19.2 -16.5 -16.0 -18.3 -2.1 -8.1 -6.0 -7.5 -12.1 -4.5 -11.9 -2.2 -3.2 -19.8 -15.6 -7.9 -1.2 -15.6 -4.3 -11.7 -12.2 -18.6 -6.9 -18.0 -13.4 -1.9 -3.2 -18.7 -12.6 -9.4 -9.5 -1.6 -17.2 -16.8 -4.0 -17.5 -19.6 -17.8 -8.8 -16.5 -1.2 -7.1 -15.0 -9.2 -1.2 -14.5 -6.3 -18.7 -12.5 -19.3 -2.6 -10.1 -10.6 -4.8 -14.6 -18.3 -15.7 -18.5 -14.5 -18.1 -11.8 -5.7 -9.1 -12.0 -8.6 -15.9 -14.6 -14.4 -5.0 -0.8 -2.2 -4.4 -10.6 -0.4 -0.5 -12.8 -13.7 -15.9
-4.1 -1.6 -8.3 -19.6 -9.3 -8.6 -12.3 -18.8 -4.8 -3.9 -19.2 -16.7 -19.2 -4.6 -5.3 -7.0 -8.2 -17.9 -1.7 -3.1 -10.0 -13.5 -10.3 -15.7 -12.8 -0.4 -1.4 -6.2 -15.7 -3.6 -8.2 -3.0 -18.5 -17.1 -13.7 -14.5 -12.5 -18.5 -9.8 -18.3 -16.7 -13.8 -17.0 -17.4 -16.9 -2.3 -7.7 -10.2 -11.0 -12.4 -17.2 -8.7 -10.2 -1.4 -9.8 -14.6 -7.5 -14.3 -11.7 -9.7 -17.6 -9.3 -9.5 -0.1 -10.2 -19.5 -12.8 -4.5 -12.8 -12.9 -5.4 -7.5 -9.9 -15.9 -6.8 -17.0 -8.2 -0.4 -0.2 -0.1 -1.0 -11.9 -9.9 -9.1 -5.2 -17.4 -16.3 -0.7 -14.3 -7.5 -2.8 -2.1 -14.0 -17.3 -2.1 -3.1 -14.2 -7.4 -19.5 -19.8
-10.8 -15.6 -5.0 -5.9 -2.4 -8.5 -11.8 -1.5 -16.1 -9.5 -2.2 -12.0 -8.3 -19.2 -1.2 -2.4 -10.4 -3.9 -17.3 -6.6 -4.8 -12.7 -16.6 -5.1 -17.0 -9.3 -13.6 -7.9 -12.5 -11.8 -11.2 -7.5 -18.1 -16.3 -18.3 -16.4 -6.9 -11.3 -16.4 -5.6 -16.2 -13.3 -19.8 -5.1 -5.8 -7.9 -15.3 -9.7 -16.6 -15.6 -2.1 -18.0 -15.4 -15.5 -4.1 -13.7 -4.8 -17.1 -6.9 -8.3 -7.3 -19.9 -20.0 -18.6 -14.9 -7.0 -9.3 -12.9 -14.3 -6.5 -14.4 -6.7 -15.7 -9.1 -3.9 -12.3 -3.5 -12.3 -1.4 -11.6 -13.2 -12.4 -17.3 -4.8 -9.0 -1.4 -9.5 -17.4 -11.5 -12.6 -13.3 -10.9 -15.6 -16.4 -11.1 -11.7 -14.6 -19.3 -11.7 -9.8
-7.5 -17.8 -12.2 -19.5 -12.0 -6.3 -2.2 -4.6 -16.1 -4.0 -18.8 -0.6 -11.4 -10.5 -1.8 -11.7 -5.1 -7.7 -7.0 -9.3 -15.1 -13.5 -11.6 -2.0 -16.5 -1.0 -18.3 -2.0 -1.4 -9.0 -14.9 -18.7 -4.1 -15.2 -1.1 -6.9 -7.8 -5.4 -11.3 -16.3 -6.1 -13.6 -5.7 -6.1 -5.3 -15.7 -5.0 -18.7 -4.7 -9.9 -1.1 -19.1 -17.5 -19.7 -5.5 -19.0 -8.6 -17.9 -17.1 -8.1 -12.7 0.0 -12.9 -9.9 -14.2 -7.3 -9.3 -18.7 -7.2 -12.2 -4.2 -3.3 -16.6 -10.8 -5.5 -13.4 -0.8 -12.9 -4.7 -10.5 -14.3 -0.3 -18.2 -16.2 -13.6 -2.4 -11.7 -6.3 -4.2 -9.1 -2.8 -15.7 -17.1 -0.4 -11.9 -17.8 -8.8 -7.3 -9.1 -19.9
-8.3 -20.0 -10.0 -17.4 -1.1 -18.0 -1.9 -6.6 -8.0 -13.7 -10.0 -6.9 -7.9 -16.8 -18.5 -9.6 -2.0 -17.2 -2.5 -14.6 -3.1 -14.3 -4.1 -15.1 -9.8 -6.5 -14.5 -12.0 -3.4 -2.3 -20.0 -15.8 -16.8 -10.0 -1.3 -12.3 -10.8 -11.4 -4.0 -2.2 0.0 -6.1 -17.7 -3.6 -3.3 -19.8 -12.2 -7.2 -0.1 -8.0 -5.1 -18.0 -8.9 -5.6 -16.1 -9.2 -2.0 -0.4 -6.1 -2.9 -15.5 -3.3 -17.3 -6.3 -1.5 -10.9 -13.4 -4.7 -11.5 -12.6 -8.7 -4.2 -2.3 -3.0 -2.8 -7.6 -11.4 -10.2 -19.2 -19.4 -17.4 -17.5 -12.0 -10.7 -14.0 -2.0 -6.3 -8.7 -13.4 -12.1 -2.6 -3.3 -0.6 -11.0 -16.6 -16.5 -5.2 -20.0 -16.7 -6.2
-13.4 -10.3 -3.9 -5.9 -19.5 -13.4 -14.3 -4.3 -16.9 -18.4 -8.5 -8.3 -14.3 -12.3 -19.8 -16.3 -15.0 -1.9 -16.7 -1.3 -8.6 -6.2 -1.7 -2.7 -6.5 -2.7 -1.9 -12.6 -8.5 -10.1 -6.1 -17.7 -1.0 -6.8 -8.9 -17.6 -2.5 -16.7 -17.2 -13.1 -15.5 -0.9 -8.6 -6.9 -16.2 -12.6 -1.1 -1.8 -4.8 -3.7 -19.0 -5.9 -11.7 -15.4 -6.1 -12.1 -4.2 -19.1 -13.1 -17.4 -5.7 -1.1 -14.3 -6.4 -7.0 -7.9 -2.0 -15.3 -19.3 -10.8 -0.1 -8.2 -16.2 -16.8 -16.7 -4.7 -1.8 -11.0 -11.0 -10.5 -11.0 -5.7 -18.5 -14.3 -5.4 -0.1 -3.5 -18.8 -6.2 -8.1 -3.1 -18.8 -1.0 -18.9 -18.5 -2.7 -7.2 -13.5 -1.1 -11.8
-13.3 -4.8 -6.9 -7.5 -11.2 -8.6 -9.8 -3.8 -9.7 -10.1 -3.6 -13.6 -12.6 -15.0 -2.4 -18.3 -5.5 -0.9 -11.9 -10.7 -1.1 -0.2 -5.2 -12.3 -16.9 -7.4 -19.0 -0.6 -18.5 -18.7 -9.6 -6.5 -19.3 -16.1 -5.3 -10.0 -2.0 -13.9 -14.5 -7.2 -7.3 -11.7 -10.3 -9.0 -8.2 -4.8 -15.0 -10.4 -4.7 -17.9 -5.9 -4.8 -15.6 -19.9 -9.4 -13.6 -19.4 -0.1 -9.2 -1.8 -3.8 -14.2 -0.9 -6.1 -17.4 -17.9 -6.8 -3.4 -9.9 -12.3 -1.1 -9.5 -18.2 -11.7 -1.0 -9.4 -8.4 -16.3 -13.9 -0.9 -17.8 -15.6 -5.3 -10.2 -15.6 -18.4 -7.3 -14.2 -13.8 -3.9 -10.1 -10.8 -12.9 -8.8 -5.6 -11.3 -12.6 -0.2 -19.7 -2.7
-19.4 -10.1 -16.4 -10.0 -15.4 -6.9 -15.8 -0.5 -15.9 -6.8 -8.6 -9.3 -2.9 -8.5 -1.8 -7.2 -8.3 -14.3 -0.2 -13.1 -14.2 -11.2 -6.0 -14.0 -19.0 -6.4 -4.2 -11.9 -18.8 -12.0 -16.8 -6.8 -4.8 -2.5 -1.2 -16.1 -15.6 -11.3 -8.9 -3.1 -19.6 -5.8 -0.1 -2.5 -11.8 -18.2 -1.3 -15.2 -1.6 -8.0 -5.3 -1.4 -19.6 -6.6 -8.6 -16.8 -19.2 -18.5 -7.3 -10.9 -13.5 -9.3 -11.4 -6.5 -0.1 -15.4 -7.5 -16.1 -4.1 -14.7 -4.5 -6.2 -18.3 -3.0 -16.1 -11.3 -1.8 -12.7 -12.8 -8.2 -10.4 -16.7 -4.3 -7.3 -2.0 -8.7 -6.0 -10.6 -16.3 -11.2 -9.7 -9.6 -3.3 -7.8 -19.8 -10.3 -12.4 -4.8 -1.3 -1.2
-10.1 -18.2 -15.9 -1.4 -12.7 -13.6 -15.7 -1.4 -15.8 -12.8 -10.7 -7.7 -5.3 -13.9 -0.8 -11.8 -13.9 -12.5 -13.6 -0.8 -10.9 -13.1 -9.7 -11.0 -12.3 -5.5 -15.2 -2.1 -9.0 -3.1 -17.1 -10.1 -4.5 -7.4 -16.3 -13.5 -15.0 -18.1 -11.0 -11.8 -19.2 -16.1 -15.0 -5.9 -16.5 -1.1 -12.1 -5.5 -1.9 -14.1 -2.0 -18.1 -1.3 -10.2 -2.2 -2.0 -7.0 -7.1 -19.2 -10.4 -4.7 -15.4 -14.6 -18.5 -5.7 -6.4 -1.9 -15.3 -9.4 -5.3 -8.5 -18.7 -18.8 -11.6 -1.4 -9.7 -17.4 -13.5 -4.0 -17.7 -15.7 -9.8 -12.6 -15.0 -17.1 -9.3 -10.9 -7.3 -9.8 -15.2 -16.5 -6.8 -19.3 -12.9 -15.8 -5.7 -7.5 -5.2 -8.5 -5.2
-13.2 -4.1 -19.5 -16.9 -17.6 -11.6 -2.3 -2.9 -12.9 -14.5 -11.7 -2.8 -15.9 -4.6 -1.9 -10.2 -8.3 -1.4 -4.6 -8.7 -2.9 -5.6 -11.8 -16.8 -2.6 -18.7 -17.6 -9.4 -15.7 -11.8 -1.2 -9.5 -8.1 -9.1 -8.0 -6.7 -19.6 -8.3 -12.3 -20.0 -17.8 -12.0 -18.0 -14.8 -17.1 -9.2 -11.9 -3.1 -4.3 -10.7 -1.2 -15.0 -13.2 -19.3 -6.1 -3.6 -5.1 -1.3 -3.3 -1.8 -2.4 -6.8 -1.6 -13.1 -1.1 -5.1 -4.5 -15.1 -18.6 -14.9 -16.0 -3.8 -14.4 -0.2 -12.6 -10.4 -14.2 -15.0 -15.0 -2.2 -0.5 -0.9 -14.4 -15.1 -10.0 -2.6 -19.1 -4.1 -13.5 -6.2 -15.0 -1.4 -5.9 -14.1 -1.8 -9.3 -1.7 -3.1 -17.6 -2.9
-19.8 -0.6 -3.6 -14.6 -18.7 -16.6 -3.9 -8.8 -9.9 -5.2 -14.4 -14.5 -14.2 -13.8 -12.6 -5.1 -11.8 -13.1 -18.7 -2.9 -1.5 -8.5 -9.1 -4.5 -10.7 -2.5 -11.7 -10.3 -4.6 -3.4 -1.7 -8.8 -19.1 -5.3 -15.2 -12.6 -18.1 -19.7 -4.9 -12.7 -3.1 -13.0 -2.5 -1.7 -15.7 -3.6 -16.7 -8.4 -2.2 -18.4 -15.3 -16.5 -1.2 -0.1 -11.6 -13.7 -6.1 -6.9 -17.8 -7.3 -1.6 -12.5 -8.0 -0.1 -1.3 -4.5 -0.9 -7.9 -6.7 -0.9 -0.6 -1.5 -11.1 -18.7 -6.2 -2.8 -3.0 -15.4 -10.1 -5.7 -18.4 -15.6 -3.2 -15.0 -6.0 -16.4 -0.2 -5.6 -14.3 -2.9 -2.6 -9.4 -2.6 -3.8 -19.5 -20.0 -15.3 -13.9 -5.3 -18.5
-7.4 -3.6 -11.1 -14.8 -5.2 -9.4 -14.2 -15.9 -3.7 -3.3 -18.3 -5.9 -13.4 -3.5 -19.2 -6.4 -18.4 -8.7 -4.7 -3.0 -18.2 -5.2 -7.7 -13.4 -12.6 -5.4 -13.5 -3.5 -11.3 -11.4 -2.5 -3.7 -6.7 -12.4 -2.6 -14.9 -14.4 -12.8 -13.1 -18.1 -17.1 -17.7 -18.1 -19.7 -14.1 -14.0 -17.0 -2.6 -7.9 -11.0 -14.2 -17.5 -1.7 -18.2 -18.0 -17.1 -6.5 -15.6 -6.8 -17.5 -3.6 -6.6 -19.7 -7.9 -4.4 -0.2 -2.8 -5.5 -0.5 -17.3 -16.9 -1.3 -6.2 -4.7 -10.6 -19.1 -5.9 -11.8 -7.1 -14.0 -9.4 -0.2 -19.7 -11.6 -4.8 -19.2 -9.1 -11.3 -15.5 -13.6 -6.9 -15.8 -1.0 -18.5 -10.2 -10.6 -1.0 -15.4 -7.3 -12.6
-9.5 -15.5 -2.9 -15.2 -0.6 -9.4 -17.0 -2.1 -17.7 -2.8 -14.3 -8.6 -10.7 -12.2 -10.1 -5.8 -18.0 -0.3 -19.4 -11.0 -13.7 -0.5 -6.9 -12.9 -2.5 -16.6 -18.4 -0.8 -9.4 -11.8 -5.2 -14.5 -1.3 -19.1 -1.9 -3.9 -13.2 -3.6 -4.6 -10.6 -16.7 -3.0 -10.5 -5.5 -14.8 -18.8 -2.4 -3.7 -17.4 -13.0 -17.9 -8.7 -18.1 -17.4 -19.6 -3.2 -14.1 -16.9 -18.5 -10.7 -12.8 -0.5 -11.7 -13.0 -4.7 -6.0 -2.3 -12.6 -8.0 -1.4 -12.6 -2.7 -2.5 -3.9 -18.4 -14.3 -18.3 -11.1 -19.2 -4.7 -7.9 -17.6 -14.6 -0.8 -5.6 -18.8 -8.7 -17.1 -17.5 -5.0 -17.4 -4.1 -7.4 -18.5 -9.0 -10.9 -15.1 -12.5 -17.5 -3.1
-2.2 -3.1 -15.4 -0.9 -10.8 -15.4 -12.9 -17.6 -5.1 -1.4 -6.5 -7.6 -19.7 -9.9 -8.6 -6.7 -12.0 -17.2 -19.6 -7.4 -5.7 -19.1 -1.9 -3.5 -13.9 -10.0 -12.4 -1.4 -12.9 -18.9 -17.2 -13.9 -0.8 -19.1 -10.6 -16.0 -10.5 -17.3 -18.1 -0.5 -18.0 -0.2 -11.3 -12.4 -6.6 -4.7 -1.1 -0.6 -5.3 -14.0 -6.4 -12.1 -2.0 -9.1 -18.5 -9.1 -17.9 -3.5 -4.0 -11.5 -4.3 -4.4 -2.6 -12.4 -8.5 -4.9 -2.0 -14.2 -15.6 -16.5 -13.6 -15.5 -11.9 -16.0 -3.3 -2.3 -15.7 -1.6 -4.6 -19.1 -7.5 -9.5 -2.8 -12.6 -9.9 -3.9 -12.0 -13.5 -7.4 -17.4 -0.5 -8.1 -14.4 -13.3 -8.2 -1.4 -16.7 -15.7 -0.7 -1.1
-17.0 -6.9 -17.7 -0.8 -18.6 -2.9 -7.7 -2.2 -1.4 -19.5 -2.1 -4.0 -4.4 -18.7 -12.0 -18.2 -14.8 -1.5 -7.3 -13.8 -14.9 -11.5 -13.2 -3.6 -18.7 -19.0 -11.6 -6.7 -5.4 -10.0 -4.8 -3.5 -16.6 -11.2 -9.5 -14.9 -10.7 -1.6 -8.5 -6.8 -9.9 -1.3 -14.2 -10.9 -10.6 -5.4 -16.9 -11.4 -11.4 -19.0 -14.1 -18.6 -5.4 -13.1 -14.7 -9.4 -6.3 -3.7 -5.4 -1.3 -2.6 -3.5 -19.8 -7.6 -13.6 -11.7 -15.1 -15.5 -18.9 -18.4 -1.3 -1.0 -14.9 -14.5 -19.3 -1.8 -2.6 -6.1 -11.4 -13.9 -19.7 -4.3 -7.1 -8.1 -14.0 -18.7 -0.6 -12.0 -10.5 -9.7 -9.6 -8.6 -15.9 -14.0 -7.9 -20.0 -3.6 -9.6 -0.5 -12.9
-2.5 -13.0 -12.8 -17.8 -10.9 -13.0 -15.6 -13.4 -1.9 -2.4 -6.2 -9.8 -11.9 -9.5 -18.4 -2.7 -16.5 -17.1 -19.2 -9.1 -12.4 -8.5 -11.6 -13.2 -8.5 -8.4 -10.6 -18.1 -13.2 -3.4 -17.2 -19.3 -13.7 -3.6 0.0 -0.7 -19.3 -8.9 -14.2 -12.6 -4.9 0.0 -1.3 -5.8 -2.2 -9.6 -12.1 -10.3 -18.5 -0.2 -14.8 -13.3 -6.7 -7.7 -6.0 -3.4 -1.1 -17.9 -10.5 -14.0 -16.5 -5.8 -16.9 -16.5 -2.4 -12.4 -18.3 -15.6 -7.6 -10.2 -15.1 -5.1 -16.0 -14.3 -2.7 -11.7 -15.9 -0.3 -15.7 -8.6 -4.9 -8.1 -0.3 -14.3 -12.1 -9.2 -2.0 -10.6 -0.7 -18.3 -19.7 -15.6 -6.1 -14.8 -15.9 -9.8 -13.2 -11.7 -5.7 -0.9
-16.2 -15.3 -17.2 -1.2 -19.1 -15.7 -11.3 -17.5 -10.1 -18.4 -7.5 -18.9 -10.3 -14.5 -7.5 -11.6 -0.9 -14.3 -8.4 -15.8 -12.5 -17.5 -7.0 -4.6 -5.8 -6.5 -4.4 -8.9 -11.3 -11.7 -14.3 -2.4 -15.4 -8.1 -15.5 -19.2 -10.6 -7.0 -5.2 -3.8 -7.8 -19.6 -9.8 -13.7 -11.3 -3.3 -10.6 -0.7 -11.9 -1.7 -4.3 -15.5 -7.7 -5.3 -4.2 -9.9 -13.4 -14.2 -7.2 -4.6 -6.3 -6.3 -16.5 -6.8 -3.8 -12.5 -14.8 -7.0 -17.5 -6.9 -12.7 -9.1 -17.2 -14.9 -3.9 -13.1 -7.4 -11.8 -0.4 -17.3 -9.0 -3.6 -6.9 -19.8 -3.6 -11.8 -17.6 -16.0 -8.6 -18.6 -11.9 -13.3 -12.9 -10.2 -6.5 -14.8 -9.6 -13.5 -2.4 -12.3
-1.5 -5.3 -9.4 -16.6 -7.6 -15.6 -15.6 -16.2 -19.9 -16.1 -10.3 -18.3 -12.6 -16.9 -4.2 -9.3 -14.7 -13.6 -13.4 -1.9 -2.3 -7.5 -9.6 -12.5 -6.0 -6.3 -17.8 -14.2 -10.2 -15.8 -13.0 -4.3 -19.8 -3.4 -16.1 -19.1 -11.4 -8.6 -11.0 -16.1 -3.5 -5.2 -15.1 -12.1 -3.1 -15.7 -4.7 -10.7 -19.7 -14.2 -17.8 -2.2 -5.6 -17.9 -19.3 -19.3 -9.2 -6.2 -18.5 -7.5 -11.6 -10.1 -19.2 -18.4 -9.4 -16.6 -3.9 -0.8 -19.5 -10.3 -3.8 -18.1 -13.1 -14.4 -4.4 -16.3 -17.1 -18.5 -9.3 -8.0 -19.3 -15.0 -19.5 -2.2 -4.2 -1.0 -9.9 -10.0 -11.6 -19.9 -10.8 -10.5 -6.9 -15.7 -3.4 -18.5 -18.8 -13.7 -18.2 -10.5
-14.8 -7.9 -6.3 -17.7 -15.9 -7.5 -17.8 -2.8 -2.1 -18.1 -2.3 -5.9 -0.8 -6.1 -8.8 -2.0 -11.9 -19.2 -11.0 -4.0 -9.5 -16.1 -12.6 -5.9 -13.0 -16.5 -8.9 -9.9 -12.1 -0.1 -11.4 -16.3 -13.2 -4.5 -11.6 -19.4 -7.1 -14.4 -2.6 -6.4 -8.1 -14.2 -3.7 -0.4 -19.9 -19.4 -5.3 -17.0 -11.3 -12.0 -17.1 -8.0 -12.7 -15.5 -3.0 -14.6 -15.4 -16.2 -0.7 -12.0 -18.5 -2.4 -3.9 -7.0 -10.1 -4.1 -3.5 -10.7 -17.7 -0.4 -8.4 -6.0 -5.1 -12.8 -13.6 -18.1 -2.4 -11.5 -8.2 -12.0 -5.9 -13.9 -1.0 -12.4 -4.2 -12.4 -18.2 -4.1 -0.3 -14.3 -11.2 -2.1 -0.1 -12.6 -5.6 -7.7 -8.6 -0.9 -1.7 -9.8
-9.2 -4.3 -7.0 -6.4 -5.4 -17.4 -7.5 -11.4 -15.5 -11.6 -14.9 -19.7 -14.4 -9.6 -6.4 -17.1 -6.7 -11.2 -2.8 -11.1 -13.9 -6.5 -2.1 -0.9 -6.6 -4.9 -18.7 -13.5 -17.2 -1.6 -18.0 -17.7 -7.5 -0.3 -12.0 -17.4 -18.1 -13.5 -10.7 -0.4 -1.5 -5.6 -13.5 -8.7 -12.6 -8.6 -11.8 -14.7 -15.5 -12.3 -16.2 -11.1 -7.0 -8.5 -13.5 -10.5 -9.2 -15.2 -7.6 -0.7 -17.1 -18.7 -14.4 -12.5 -6.8 -8.0 -1.8 -0.6 -16.0 -7.5 -17.6 -4.6 -18.4 -15.4 -12.4 -16.1 -17.4 -16.9 -0.8 -8.9 -14.2 -18.0 -12.9 -17.6 -19.0 -15.6 -7.7 -12.3 -9.5 -10.2 -3.3 -4.4 -12.5 -10.9 -0.2 -5.3 -8.7 -6.8 -17.6 -13.7
-2.5 -13.3 -16.3 -3.8 -3.6 -18.8 -12.1 -12.2 -4.3 -4.8 -14.0 -11.9 -9.7 -0.4 -19.1 -11.3 -7.6 -10.3 -9.5 -19.3 -10.4 -11.5 -17.2 -8.3 -16.6 -15.5 -16.2 -17.1 -13.8 -9.1 -17.8 -15.6 -4.5 -8.7 -8.6 -1.7 -12.0 -2.0 -9.3 -8.5 -0.9 -8.7 -19.6 -6.5 -5.8 -10.9 -3.9 -13.5 -3.1 -16.1 -16.2 -18.0 -20.0 -6.3 -1.6 -19.3 -8.9 -10.6 -19.4 -12.2 -14.2 -8.1 -11.8 -5.2 -15.0 -19.0 -9.8 -6.1 -10.5 -0.6 -16.1 -16.4 -7.2 -1.2 -16.0 -16.2 -6.2 -1.2 -17.8 -0.8 -0.4 -17.8 -17.6 -1.5 -19.3 -15.5 -12.2 -5.7 -9.2 -4.0 -9.4 -6.5 -7.1 -3.5 -10.7 -9.1 -6.1 -17.5 -8.1 -0.5
-3.3 -8.8 -7.2 -14.7 -17.1 -17.8 -17.3 -17.8 -3.8 -17.5 -4.0 -13.4 -13.8 -11.0 -9.8 -8.7 -7.1 -5.7 -14.7 -10.6 -5.4 -14.7 -4.0 -2.7 -14.7 -19.5 -10.8 -10.9 -10.8 -4.2 -20.0 -16.1 -3.6 -18.9 -8.8 -11.7 -10.9 -18.1 -7.7 -10.6 -4.8 -0.4 -5.6 -12.0 -16.7 -3.7 -11.6 -4.3 -9.5 -12.6 -0.3 -9.2 -6.5 -13.3 -1.4 -19.9 -9.6 -19.5 -0.2 -1.2 -16.6 -19.1 -2.9 -15.2 -3.0 -4.4 -3.2 -8.4 -11.2 -6.0 -15.7 -6.4 -12.6 -9.4 -1.8 -1.7 -8.6 -4.0 -7.7 -1.3 -9.9 -14.1 -4.8 -14.4 -2.5 -4.3 -4.8 -7.7 -3.8 -1.9 -18.8 -10.0 -7.7 -5.5 -16.0 -14.8 -10.4 -12.8 -7.7 -3.6
-11.9 -13.5 -4.8 -17.6 -6.5 -1.0 -17.0 -2.9 -16.0 -1.2 -10.4 -15.6 -14.5 -8.7 -15.1 -12.0 -2.2 -5.5 -16.8 -8.7 -14.7 -6.8 -4.0 -9.6 -5.2 -9.7 -8.5 -2.2 -2.5 -1.6 -15.7 -4.8 -13.0 -15.4 -17.8 -19.7 -11.3 -7.1 -0.9 -14.2 -19.3 -6.5 -9.3 -17.4 -16.0 -9.0 -6.2 -6.7 -3.5 -8.9 -15.2 -0.8 -11.3 -14.0 -7.6 -17.0 -7.4 -3.9 -17.3 -5.9 -15.6 -2.4 -5.7 -18.0 -14.8 -2.6 -6.5 -13.8 -20.0 -13.7 -6.7 0.0 -1.8 -15.9 -18.1 -3.4 -5.9 -9.1 -3.5 -4.7 -8.1 -14.6 -10.6 -10.7 -9.5 -14.0 -11.5 -15.4 -14.7 -6.3 -13.6 -15.7 -10.0 -18.2 -7.6 -11.3 -6.0 -5.7 -0.6 -12.2
-9.4 -20.0 -18.3 -7.9 -17.6 -1.8 -15.5 -3.8 -5.7 -7.6 -15.4 -2.9 -14.5 -11.1 -6.7 -5.4 -1.0 -12.8 -16.6 -7.7 -0.3 -1.0 -17.0 -5.6 -19.9 -15.6 -7.8 -19.7 -18.7 -13.3 -12.9 -6.7 -9.9 -7.7 -18.5 -0.8 -15.3 -11.6 -1.4 -8.3 -6.4 -14.7 -12.6 -15.4 -17.2 -2.0 -14.1 -0.2 -16.7 -9.7 -16.9 -7.0 -7.3 -11.1 -16.1 -13.5 -6.5 -11.7 -10.3 -16.6 -8.8 -11.9 -7.1 -10.7 -9.0 -0.2 -2.3 -4.0 -0.4 -5.6 -18.6 -13.9 -19.8 -16.7 -15.3 -13.2 -18.6 -10.2 -0.6 -19.7 -10.0 -5.5 -15.9 -19.8 -5.1 -13.6 -8.2 -4.0 -14.4 -11.1 -8.3 -19.3 -16.0 -9.9 -17.4 -4.9 -14.8 -3.6 -2.2 -11.2
-16.0 -8.4 -8.5 -9.9 -2.3 -17.6 -0.2 -4.0 -8.2 -10.6 -15.2 -14.1 -6.0 -8.2 -1.7 -6.4 -19.2 -18.3 -1.7 -18.5 -9.5 -8.6 -1.8 -12.1 -0.8 -18.1 -9.5 -5.8 -1.1 -5.3 -19.2 -11.3 -18.3 -8.5 -5.9 -19.8 -15.8 -17.4 -8.0 -19.5 -15.1 -17.2 -14.2 -9.3 -10.0 -20.0 -2.8 -18.1 -1.2 -4.6 -14.8 -15.0 -12.5 -11.6 -11.1 -2.4 -17.6 -13.1 -3.2 -14.1 -8.6 -13.4 -14.6 -5.9 -17.1 -8.6 -16.8 -9.8 -3.5 -13.0 -2.6 -14.4 -8.9 -2.6 -9.8 -15.6 -11.8 -19.2 -9.8 -10.0 -19.5 -3.6 -0.3 -16.7 -7.6 -1.5 -0.4 -16.8 -4.4 -13.2 -9.7 -19.7 -9.2 -3.3 -15.3 -6.1 -0.4 -5.0 -0.1 -8.1
-16.1 -17.8 -19.9 -10.7 -18.9 -0.2 -19.6 -16.7 -14.4 -3.9 -15.6 -4.4 -0.4 -15.8 -6.8 -9.8 -12.2 -16.5 -7.0 -19.6 -7.3 -0.8 -8.4 -12.8 -17.1 -19.4 -1.4 -11.4 -6.5 -0.7 -1.9 -8.1 -17.2 -7.9 -2.5 -11.5 -16.6 -9.9 -17.3 -5.4 -4.1 -17.6 -1.8 -16.0 -0.9 -15.4 -3.3 -14.3 -6.9 -12.4 -8.3 -4.8 -15.1 -1.6 -2.7 -2.7 -3.0 -18.1 -18.8 -12.8 -16.5 -5.9 -4.2 -11.5 -10.8 -3.8 -18.9 -17.0 -19.7 -13.6 -14.5 -2.7 -14.1 -8.1 0.0 -2.1 -3.0 -4.8 -15.6 -1.3 -9.4 -4.9 -7.7 -2.1 -16.2 -0.5 -0.6 -3.8 -6.7 -17.0 -6.0 -19.1 -2.5 -8.5 -8.5 -2.7 -7.9 -13.1 -2.4 -18.9
-16.0 -16.1 -9.2 -19.5 -3.3 -12.3 -3.5 -3.6 -13.1 -0.4 -1.0 -8.4 -1.5 -9.0 -1.0 -13.6 -11.9 -12.7 -10.0 -2.8 -18.4 -19.0 -7.3 -0.6 -14.4 -1.8 -1.9 -4.9 -6.0 -14.2 -1.9 -10.6 -12.1 -12.8 -4.8 -16.1 -18.7 -18.6 -6.6 -13.0 -14.0 -11.0 -12.8 -5.4 -4.5 -2.1 -14.2 -9.8 -9.9 -18.5 -11.5 -4.7 -12.3 -4.4 -10.5 -0.7 -6.9 -9.8 -19.5 -15.9 -8.1 -11.1 -1.1 -16.8 -5.1 -2.7 -2.4 -9.8 -10.9 -11.1 -14.1 -8.9 -4.0 -16.0 -12.0 -4.0 -18.3 -0.4 -1.9 -5.7 -12.9 -13.1 -18.8 -3.9 -10.4 -17.4 -17.3 -5.8 -5.4 -2.6 -0.3 -7.1 -8.6 -7.6 -2.9 -2.3 -0.8 -11.6 -14.2 -15.6
-9.9 -18.4 -12.2 -9.1 -9.3 -2.5 -9.0 -5.4 -6.1 -8.0 -12.8 -7.0 -12.8 -6.3 -1.2 -18.9 -14.2 -18.4 -10.5 -0.5 -0.2 -19.6 -14.8 -20.0 -14.2 -17.5 -18.0 -19.1 -15.2 -9.7 -13.1 -2.5 -9.5 -6.7 -13.0 -18.3 -7.7 -15.4 -10.7 -3.3 -7.4 -13.5 -4.9 -14.6 -7.0 -13.4 -18.1 -19.7 -3.3 -19.7 -4.2 -2.2 -17.4 -2.5 -18.0 -4.4 -6.4 -2.9 -14.7 -18.1 -14.6 -14.9 -3.9 -6.3 -0.9 -10.0 -8.7 -12.1 -5.1 -17.8 -9.6 -12.6 -1.1 -11.8 -18.3 -16.3 -12.0 -7.4 -16.0 -11.8 -1.8 -7.9 -15.3 -1.4 -9.6 -6.2 -9.8 -6.1 -0.2 -7.8 -10.2 -19.9 -0.7 -16.9 -3.9 -18.4 -14.8 -16.2 -2.1 -16.7
-1.8 -7.5 -12.8 -9.8 -9.7 -3.7 -1.6 -5.2 -18.3 -17.1 -3.6 -3.7 -10.4 -4.9 -0.6 -3.8 -18.1 -15.4 -1.4 -13.2 -6.7 -2.3 -8.4 -8.1 -13.8 -4.8 -16.5 -13.3 -18.7 -16.3 -11.4 -1.6 -19.6 -7.5 -3.6 -12.5 -15.4 -1.3 -18.2 -2.0 -15.9 -17.5 -10.0 -17.3 -5.3 -15.9 -4.6 -7.5 -11.0 -11.1 -18.5 -12.2 -7.4 -4.1 -13.6 -5.1 -9.0 -0.1 -19.0 -4.2 -15.7 -3.6 -19.5 -18.7 -13.2 -14.8 -18.2 -16.7 -0.2 -10.4 -13.4 -3.3 -12.3 -12.1 -17.0 -5.3 -19.2 -7.3 -18.3 -6.5 -15.5 -13.6 -13.8 -3.1 -5.9 -12.8 -7.1 -1.1 -15.8 -6.6 -4.2 -4.4 -11.0 -9.5 -4.4 -7.2 -5.6 -5.1 -7.2 -6.7
-5.7 -6.4 -13.1 -15.5 -8.9 -12.8 -19.2 -12.8 -2.0 -12.0 -10.4 -8.7 -9.8 -1.8 -0.2 -12.8 -15.7 -9.6 -1.9 -12.9 -6.5 -6.8 -6.7 -9.3 -4.8 -18.2 -8.5 -9.0 -6.2 -17.6 -5.3 -8.7 -9.3 -11.8 -14.3 -17.8 -3.7 -15.0 -16.2 -8.9 -11.1 -19.5 -2.4 -9.9 -8.7 -14.9 -13.5 -10.6 -13.5 -2.1 -15.2 -17.1 -12.6 -6.2 -0.9 -6.5 -5.2 -0.5 -5.7 -12.7 -16.7 -3.9 -6.2 -3.2 -3.6 -15.0 -6.7 -11.9 -1.8 -15.0 -11.9 -11.7 -12.0 -19.6 -12.4 -1.1 -9.0 -3.1 -17.1 -17.6 -5.5 -12.6 -7.8 -9.4 -3.0 -11.6 -5.9 -14.8 -8.8 -15.9 -11.8 -19.2 -9.8 -11.5 -18.0 -18.1 -9.8 -16.4 -1.4 -8.9
-18.9 -1.6 -0.8 -9.8 -11.9 -11.2 -19.0 -18.5 -6.5 -1.0 -11.8 -14.2 -16.8 -19.3 -12.3 -1.6 -5.2 -2.1 -16.9 -1.9 -17.7 -8.1 0.0 -10.0 -7.0 -18.0 -12.3 -5.5 -7.3 -1.8 -7.0 -2.8 -12.8 -14.9 -8.6 -19.5 -10.1 -4.8 -15.6 -18.4 -3.8 -4.7 -10.4 -4.6 -5.0 -9.7 -5.5 -2.1 -13.8 -11.2 -12.3 -1.6 -13.0 -1.7 -3.0 -3.1 -10.6 -4.8 -16.1 -1.5 -5.7 -16.7 -13.6 -0.5 -5.1 -19.0 -12.1 -4.7 -19.4 -6.8 -9.3 -18.0 -10.8 -8.6 -12.8 -4.9 -15.2 -2.4 -14.0 -4.8 -9.6 -9.3 -3.7 -8.8 -8.7 -17.7 -17.0 -11.4 -4.6 -1.1 -13.4 -6.8 -11.6 -11.1 -11.7 -11.8 -16.5 -16.8 -8.3 -6.1
-19.3 -13.7 -12.0 -13.4 -5.4 -13.9 -4.9 -16.3 -19.7 -8.4 -5.3 -17.3 -13.7 -4.3 -10.5 -14.4 -14.6 -13.1 0.0 -20.0 -4.0 -18.9 -19.4 -2.7 -0.6 -9.0 -11.8 -11.1 -9.6 -11.5 -7.7 -6.7 -9.6 -10.9 -1.9 -6.2 -4.0 -8.4 -13.4 -10.9 -7.7 -7.5 -11.7 -9.3 -19.1 -2.2 -10.2 -7.4 -6.3 -18.1 -11.8 0.0 -9.4 -19.5 -13.7 -6.2 -16.8 -3.7 -19.6 -8.1 -5.6 -8.8 -12.2 -5.7 -19.1 -18.7 -9.7 -18.6 -12.7 -14.3 -13.6 -16.7 -2.9 -18.9 -7.5 -17.2 -5.4 -19.4 -10.1 -15.7 -12.4 -5.7 -15.8 -0.8 -13.0 -7.5 -7.7 -0.5 -11.3 -4.2 -11.0 -12.1 -14.1 -18.3 -14.8 -4.7 -14.8 -4.3 -12.1 -3.1
-4.8 -15.2 -11.1 -9.2 -14.1 -13.2 -10.0 -7.1 -1.9 -14.4 -0.4 -6.5 -16.2 -7.1 -17.5 -12.5 -2.2 -2.0 -14.1 -3.8 -4.3 -6.1 -11.9 -12.6 -3.6 -1.2 -16.7 -0.4 -17.6 -12.6 -3.9 -15.8 -19.1 -17.1 -14.6 -11.3 -9.5 -5.3 -11.4 -3.1 -10.7 -11.9 -18.3 -7.2 -16.8 -8.2 -7.5 -18.9 -19.1 -7.0 -4.7 -1.4 -13.4 -14.5 -16.4 -1.4 -2.5 -10.1 -11.4 -7.4 -12.0 -7.4 -16.8 -10.1 -14.2 -7.9 -7.2 -8.5 -13.1 -2.4 -8.7 -16.4 -19.0 -8.6 -16.7 -8.5 -11.7 -18.1 -1.6 -4.2 -2.4 -18.0 -3.8 -18.6 -14.3 -18.5 -20.0 -7.5 -8.3 -14.3 -9.6 -12.3 -11.6 -9.9 -9.9 -16.7 -16.9 -17.2 -11.8 -9.6
-4.3 -3.6 -17.0 -19.5 -13.3 -18.9 -10.6 -10.4 -8.6 -11.9 -14.0 -13.3 -9.5 -12.8 -3.3 -16.1 -2.0 -0.3 -6.9 -17.9 -16.1 -10.3 -19.3 -14.6 -16.1 -3.6 -19.1 -11.9 -18.8 -1.2 -13.8 -3.9 -9.1 -12.8 -17.5 -1.5 -17.5 -3.8 -1.4 -10.6 -11.7 -11.9 -7.0 -7.5 -11.0 -1.3 -15.6 -19.4 -8.9 -13.2 -8.8 -5.4 -15.8 -12.9 -9.5 -13.6 -9.1 -15.3 -18.3 -6.3 -13.0 -10.5 -15.5 -8.6 -14.9 -12.6 -12.1 -7.1 -19.7 -2.6 -9.3 -17.7 -4.6 -7.6 -18.5 -5.5 -8.5 -0.8 -8.8 -5.5 -15.9 -17.4 -0.2 -7.7 -18.4 -1.4 -6.1 -7.2 -3.4 -12.3 -17.7 -2.1 -8.6 -7.8 0.0 -11.3 -9.6 -6.5 -17.0 -8.7
-5.4 -10.4 -13.1 -3.2 -2.0 -5.4 -0.3 -11.5 -17.6 -13.7 -17.1 -6.7 -2.3 -1.0 -0.1 -13.3 -4.5 -4.4 -2.6 -18.3 -13.0 -2.1 -12.8 -1.7 -13.3 -6.3 -5.1 -8.9 -7.8 -5.6 -9.0 -6.7 -8.0 -8.7 -17.1 -15.0 -6.3 -10.0 -18.3 -3.1 -19.1 -3.5 -14.7 -17.4 -16.4 -4.3 -18.6 -1.2 -9.7 -16.0 -5.2 -6.7 -4.8 -10.1 -17.1 -4.8 -7.4 -1.3 -19.3 -1.6 -3.2 -7.6 -9.7 -11.2 -5.6 -18.3 -9.2 -4.7 -14.4 -3.9 -0.4 -8.4 -18.2 -9.2 -11.3 -0.9 -13.5 -3.7 -2.9 -19.0 -2.4 -4.6 -2.7 -12.0 -4.2 -5.0 -12.8 -1.9 -7.5 -0.5 -17.1 -11.2 -16.9 -6.5 -4.1 -0.4 -3.4 -1.8 -19.7 -14.3
-4.4 -11.9 -13.1 -1.6 -2.4 -2.2 -12.3 -1.6 -9.8 -16.0 -0.7 -9.5 -3.8 -10.4 -9.4 -16.9 -16.6 -0.9 -13.1 -6.4 -10.8 -14.1 -6.1 -12.4 -14.9 -10.9 -16.7 -4.7 -10.5 -15.1 -12.3 -9.4 -9.7 -12.2 -5.4 -19.2 -17.0 -6.5 -8.0 -3.3 -0.4 -2.5 -2.1 -3.6 -14.8 -6.1 -12.6 -10.6 -0.8 -2.5 -7.8 -11.6 -5.5 -2.4 -9.7 -1.5 0.0 -18.2 -4.6 -12.2 -11.0 -6.4 -19.1 -19.6 -18.0 -7.0 -12.6 -14.2 -17.2 -6.3 -0.2 -18.2 -10.7 -5.8 -10.2 -17.0 -4.7 -14.8 -16.2 -15.0 -2.7 -1.6 -4.3 -5.6 -6.7 -8.1 -17.2 -14.9 -17.4 -12.5 -17.6 -17.5 -6.3 -5.1 -3.2 -6.4 -5.1 -15.4 -14.2 -17.9
-15.7 -15.4 -15.5 -15.1 -7.1 -11.1 -19.0 -5.4 -3.9 -1.3 -14.9 -5.7 -16.8 -7.8 -9.2 -2.1 -1.5 -18.6 -4.0 -3.1 -3.9 -4.7 -10.9 -1.3 -18.9 -0.9 -18.6 -1.8 -3.5 -3.7 -14.8 -5.5 -2.7 -5.3 -16.1 -3.5 -19.3 -14.6 -13.0 -20.0 -7.6 -9.5 -11.2 -17.1 -15.6 -19.9 -6.8 -14.5 -16.0 -16.9 -10.3 -4.6 -14.1 -9.5 -18.2 -10.5 -12.1 -1.8 -2.1 -17.9 -12.9 -12.4 -13.1 -10.1 -12.3 -15.7 -18.6 -11.9 -16.9 -17.4 -12.6 -7.4 -11.6 -10.9 -10.1 -13.7 -19.8 -19.0 -3.4 -15.2 -13.7 -7.5 -3.1 -1.9 -15.8 -15.5 -11.0 -7.1 0.0 -9.7 -7.5 -9.1 -14.9 -12.3 -5.6 -13.2 -15.6 -9.0 -1.1 -6.8
-5.9 -11.2 -11.7 -1.3 -18.9 -12.2 -5.8 -5.6 -5.1 -5.9 -15.0 -14.5 -5.3 -0.5 -19.0 -3.1 -11.6 -3.1 -4.6 -10.4 -8.3 -2.2 -19.7 -14.6 -2.3 -13.7 -1.8 -9.4 -18.9 -15.1 -6.4 -6.1 -12.7 -8.9 -11.6 -6.2 -8.1 -0.4 -19.7 -14.6 -15.3 -5.7 -18.8 -6.1 -8.6 -3.5 -6.7 -2.9 -1.8 -3.7 -7.7 -8.1 -14.0 -13.7 -17.7 -4.6 -8.5 -10.5 -19.0 -16.8 -4.5 -8.6 -17.1 -16.9 -6.0 -10.0 -0.4 -10.9 -1.6 -5.4 -10.4 -13.4 -12.2 -14.9 -2.8 -8.1 -14.2 -19.2 -10.0 -6.5 -9.7 -13.1 -4.0 -6.7 -9.2 -3.7 -19.5 -7.9 -17.0 -9.0 -10.8 -9.3 -11.1 -19.1 -5.6 -7.8 -12.6 -10.2 -8.6 -0.7
-1.3 -18.1 -15.4 -3.1 -5.3 -2.4 -16.5 -10.5 -3.8 -7.0 -7.7 -3.3 -15.0 -2.8 -12.3 -19.4 -9.9 -9.2 -18.3 -11.6 -2.8 -9.5 -4.2 -15.8 -17.3 -13.7 -11.6 -4.3 -7.2 -16.9 -13.7 -7.5 -1.2 -0.8 -10.4 -2.8 -16.8 -11.6 -13.5 -9.6 -3.3 -14.6 -14.5 -3.8 -17.5 -2.5 -11.2 -9.6 -11.8 -12.5 -5.5 -18.6 -11.0 -6.8 -7.8 -6.8 -7.3 -7.5 -18.8 -3.4 -19.3 -5.3 -17.2 -4.1 -17.8 -18.1 -16.7 -16.9 -4.3 -4.5 -10.6 -5.9 -3.1 -3.1 -12.5 -5.2 -12.2 -13.9 -16.2 -17.7 -11.2 -12.5 -13.0 -7.0 -14.8 -0.9 -8.9 -19.7 -7.5 -19.6 -15.8 -5.1 -9.2 -10.9 -2.5 -9.1 -11.3 -3.7 -13.6 -13.7
50
998.51 394.32 152.19 414.03 512.89 377.47 111.98 588.73 682.99 372.49 318.61 911.51 822.53 473.69 128.0 63.97 225.6 811.06 170.76 240.46 491.76 370.36 895.86 324.4 765.46 907.5 338.79 620.76 345.18 837.81 617.26 96.72 112.37 901.69 426.97 265.2 618.14 790.02 485.79 969.71 546.18 72.81 832.46 209.3 28.51 815.23 296.33 301.79 736.39 824.76 812.57 694.86 228.17 176.59 774.36 621.37 731.26 380.16 72.28 596.07 476.64 34.06 613.11 499.37 655.69 452.56 734.23 503.13 758.38 965.13 507.58 295.99 268.6 5.42 94.83 881.63 525.04 423.16 479.18 754.14 841.83 761.15 759.99 223.11 552.22 774.33 247.98 477.13 159.86 890.47 829.21 366.8 491.12 186.83 914.39 899.88 263.55 994.85 546.38 591.2
612.14 453.0 545.48 650.97 107.69 339.0 682.63 442.5 542.66 854.89 380.18 357.52 116.55 274.91 297.74 46.4 654.11 291.7 222.03 770.22 206.0 728.02 232.03 847.56 787.95 801.2 724.65 813.25 238.93 625.28 68.59 377.53 245.4 410.37 345.65 270.37 810.96 621.73 301.74 918.07 706.25 124.92 347.57 423.38 967.86 925.45 717.73 3.19 436.33 877.1 351.57 5.8 578.41 81.12 31.53 703.39 737.84 436.95 895.31 757.82 734.13 185.17 899.63 138.81 916.5 460.91 793.29 977.41 556.25 334.59 615.98 230.69 68.25 419.47 622.16 249.2 823.74 758.6 405.77 423.36 846.41 622.27 612.36 525.68 969.22 538.52 869.96 423.3 195.03 601.14 512.24 1.91 281.26 599.35 253.94 510.87 378.64 66.53 568.48 340.81
497.57 82.61 662.68 58.13 325.18 647.77 892.37 528.3 522.65 559.8 757.6 195.06 888.57 825.72 435.62 982.87 382.42 826.08 974.89 99.79 730.14 448.47 464.2 416.84 105.64 543.38 419.85 652.44 789.57 760.96 848.14 233.18 386.79 370.12 628.32 246.71 627.99 977.84 139.38 867.65 307.84 505.84 126.14 350.97 772.73 669.75 683.18 428.95 637.18 804.17 316.08 583.35 908.8 912.67 682.0 968.47 727.22 649.09 801.36 490.54 302.28 826.03 172.38 250.73 844.08 460.9 397.4 143.23 728.29 982.83 199.09 696.59 309.92 216.17 2.96 369.51 863.53 203.06 246.67 225.83 150.18 63.31 4.76 117.75 52.59 553.45 80.78 34.83 267.61 432.55 417.22 628.61 157.45 410.25 425.99 831.24 963.92 576.17 244.1 791.59
331.6 47.53 649.85 115.15 263.5 735.46 314.21 309.83 550.39 843.71 996.85 270.0 594.97 891.37 504.01 725.67 729.21 233.77 318.8 214.75 323.56 375.31 805.64 219.51 708.63 331.09 825.5 984.98 885.7 18.15 298.63 991.37 669.3 512.99 131.17 276.27 674.82 801.6 895.06 354.46 156.36 760.4 37.09 454.53 187.6 25.55 938.99 993.98 996.49 574.12 744.31 856.84 437.21 459.19 161.25 392.73 490.99 236.69 302.61 67.52 374.75 464.93 570.18 529.83 768.22 584.39 992.7 281.63 195.37 84.61 880.78 180.45 938.85 47.2 18.17 322.46 417.35 318.31 858.33 404.87 530.72 179.56 360.43 622.84 878.97 167.84 540.41 592.08 16.54 420.61 804.71 140.78 445.44 708.58 125.68 980.22 767.4 174.51 502.3 539.73
998.08 214.6 299.34 222.2 318.87 177.4 737.3 532.31 264.68 873.75 943.91 141.07 284.55 13.04 167.71 707.1 119.49 839.53 348.12 734.38 274.79 200.98 485.77 366.87 704.43 478.09 719.9 139.7 803.9 341.47 62.94 815.37 632.33 4.1 186.62 555.27 640.41 277.42 992.38 574.67 133.77 789.16 951.28 796.1 39.76 843.49 217.01 107.91 619.57 401.15 44.15 443.26 493.22 449.22 978.0 126.29 962.54 639.43 736.06 553.01 979.32 342.14 121.24 157.08 696.68 8.42 829.09 357.78 410.16 860.35 120.43 717.4 526.0 45.57 695.1 847.26 19.92 612.73 637.47 340.25 498.36 61.99 671.94 818.67 287.31 903.91 919.84 937.86 948.35 344.95 354.98 332.47 73.18 390.25 86.77 3.09 428.55 621.16 461.96 97.23
449.78 282.93 728.64 444.91 336.23 163.64 459.63 592.93 735.61 188.53 924.72 881.14 520.73 256.35 673.26 574.13 489.57 124.42 52.25 356.59 591.32 694.25 553.99 153.2 702.72 341.43 617.02 969.91 796.27 708.72 717.21 287.95 219.62 814.07 527.93 61.32 539.1 438.12 504.2 324.54 237.47 684.8 559.23 950.12 931.02 886.5 173.9 555.98 490.98 783.96 189.06 101.19 312.98 233.21 622.34 143.45 697.55 721.38 210.47 327.13 806.91 282.53 326.0 11.6 983.91 495.33 666.91 59.61 535.95 10.2 31.0 919.29 871.02 747.63 745.79 113.05 492.95 459.44 936.61 415.58 997.74 756.63 266.76 708.5 277.99 564.64 386.29 420.03 620.71 347.95 191.66 900.66 708.35 691.56 199.95 633.85 57.7 578.84 753.91 765.76
173.45 583.68 569.32 9.84 535.81 834.14 677.28 948.32 604.36 981.04 878.98 187.94 713.21 317.16 908.24 172.65 195.23 484.71 118.17 40.53 707.47 571.22 4.06 707.56 161.15 374.47 641.33 734.49 743.48 123.03 650.04 983.84 804.07 558.54 781.68 238.28 821.85 604.4 982.02 830.77 939.45 650.05 896.46 958.8 875.89 312.61 673.94 513.61 3.14 858.57 797.79 362.95 409.54 126.52 370.31 465.11 535.21 105.84 63.1 57.66 950.52 797.81 437.71 148.32 748.99 58.06 585.19 55.74 659.67 787.78 218.7 512.98 341.17 768.49 304.44 173.52 400.81 900.14 939.43 714.08 599.6 682.74 84.58 455.32 903.14 102.53 318.2 994.15 78.5 967.8 800.33 484.12 570.32 96.41 379.61 930.36 229.26 966.73 425.61 831.83
987.55 340.22 214.87 667.01 539.43 255.16 797.57 662.05 443.54 777.3 605.02 59.5 728.26 567.49 90.96 99.95 820.82 626.59 19.2 343.45 183.65 158.34 93.63 904.72 136.33 62.63 576.54 255.56 252.25 324.91 628.91 899.9 248.33 563.35 432.97 334.71 222.97 818.69 632.9 177.14 474.38 317.56 865.75 967.64 468.55 435.61 761.76 723.21 619.97 943.94 589.77 296.63 274.66 24.06 941.76 224.17 527.93 883.45 173.3 718.5 138.43 865.27 943.76 765.93 91.11 42.26 504.55 56.67 821.05 455.13 313.28 721.46 670.35 202.53 518.8 943.47 967.23 800.17 418.47 680.75 610.33 454.4 321.22 909.7 85.92 890.93 625.73 741.18 936.34 908.16 937.1 748.03 385.11 326.88 198.65 780.11 401.09 742.27 226.54 810.86
883.0 992.74 527.73 615.9 837.81 518.25 522.08 28.17 43.64 244.0 243.25 492.33 402.84 665.85 590.32 804.31 492.89 463.56 368.86 457.29 984.6 334.14 61.21 94.44 802.62 764.89 905.0 473.22 409.99 77.76 840.12 443.11 65.48 492.37 326.58 298.51 718.07 271.61 108.93 998.49 194.02 885.24 522.56 54.09 331.96 31.42 297.34 870.14 212.29 772.48 428.84 555.23 679.5 382.8 249.98 260.95 607.78 878.33 797.29 421.25 428.36 421.75 463.46 203.31 545.83 331.08 676.16 628.5 34.89 903.96 185.96 97.39 122.16 95.97 514.46 568.16 307.88 43.7 465.84 135.92 314.96 634.06 198.06 108.16 412.6 300.75 169.64 699.62 674.72 758.93 785.54 160.27 71.94 382.24 301.92 453.22 147.19 520.11 164.09 73.12
805.96 617.29 179.92 337.07 944.85 231.41 793.3 860.84 775.2 722.76 870.58 222.96 410.12 779.29 980.71 133.45 829.92 171.75 690.06 460.42 261.12 255.39 844.3 288.74 955.27 474.58 690.39 580.55 122.16 686.47 164.53 425.63 166.52 966.58 3.55 871.5 339.01 645.11 873.35 389.79 704.25 293.58 229.9 626.23 990.42 614.97 290.7 633.59 334.98 918.47 208.37 268.05 300.81 748.44 28.09 831.04 82.56 923.91 362.31 451.46 543.27 11.42 730.12 739.15 487.42 729.69 342.59 790.19 428.51 56.74 247.4 414.06 251.0 519.17 683.46 254.07 618.65 331.52 871.65 486.27 210.62 429.58 756.52 823.67 933.82 395.55 983.12 826.87 53.35 814.67 181.09 228.68 136.59 348.49 569.93 693.9 148.25 187.73 559.05 147.67
102.58 820.46 97.4 43.07 393.72 247.15 52.73 837.63 504.95 919.27 632.72 440.07 317.86 57.23 440.15 640.81 115.31 586.25 880.44 997.56 662.99 554.86 139.37 407.17 871.08 184.3 843.68 704.81 411.22 591.91 312.15 178.56 387.99 199.29 123.74 784.78 537.05 238.47 311.21 891.29 182.06 834.22 648.77 599.1 425.3 72.51 161.58 605.7 572.53 361.75 199.68 61.99 10.65 135.62 982.73 13.44 848.05 910.58 93.45 66.69 293.5 908.9 398.39 396.69 341.18 246.68 985.09 854.06 934.86 474.73 920.32 743.63 386.66 318.91 953.57 750.69 75.62 50.25 543.84 124.03 20.79 739.64 106.48 173.92 550.57 622.61 728.18 687.39 115.75 593.39 145.11 556.44 114.78 823.26 392.76 486.7 32.74 343.98 485.74 876.31
789.2 775.56 839.85 252.08 784.25 674.07 665.61 399.72 42.69 844.74 26.59 948.75 127.42 447.32 341.94 738.88 679.05 385.87 241.63 102.89 8.75 131.59 694.58 43.37 762.12 49.11 104.88 310.19 712.65 362.04 658.36 644.55 423.09 202.96 496.02 616.05 661.95 821.51 562.21 608.23 416.68 553.28 10.69 436.63 24.85 251.83 340.28 231.22 455.2 578.39 373.78 228.72 182.59 494.64 99.51 811.87 704.84 414.67 876.46 188.51 607.21 27.61 584.92 230.29 383.73 154.55 856.74 361.63 141.15 790.5 548.33 784.47 561.63 46.94 844.51 890.06 27.79 388.05 725.32 56.06 716.75 61.3 800.68 141.24 404.66 74.67 237.89 93.23 109.78 647.78 553.45 553.47 735.92 593.59 290.78 997.88 264.85 979.97 829.65 790.73
980.11 165.3 696.12 308.92 335.69 365.66 880.9 875.61 979.46 272.34 482.95 224.77 540.3 120.71 726.3 411.86 34.74 408.5 86.51 807.92 886.53 593.56 932.52 125.5 36.0 331.45 759.56 115.88 609.02 241.37 126.97 895.59 542.79 322.76 59.07 711.98 475.58 167.17 282.29 448.43 940.92 221.93 604.22 197.54 917.7 733.0 502.05 132.08 379.52 242.42 170.56 391.8 287.57 603.46 503.65 599.6 651.28 523.08 859.02 238.88 343.28 2.78 635.49 545.15 25.58 143.61 15.18 360.9 134.26 199.77 463.06 189.22 199.44 72.05 267.4 471.56 256.87 761.01 80.71 529.55 125.47 933.79 126.81 630.68 573.4 563.34 646.3 506.4 982.61 87.69 422.03 288.19 796.15 383.89 614.06 664.85 367.57 658.63 350.39 112.5
274.43 637.15 933.05 634.66 286.12 600.82 592.9 776.55 403.06 201.03 127.24 57.39 654.36 75.44 233.43 580.89 14.29 418.12 179.36 981.78 505.77 800.14 876.7 997.88 687.51 801.98 822.59 671.87 668.94 924.43 721.69 741.64 815.78 624.06 93.32 260.78 505.55 341.0 480.38 359.44 489.78 294.52 595.47 972.05 873.86 534.5 81.21 193.31 879.17 70.92 406.07 569.7 290.65 767.51 92.3 640.37 342.38 347.79 724.48 385.25 151.21 971.64 229.45 931.13 812.03 789.59 472.43 79.64 335.26 866.13 199.15 425.45 916.74 919.68 857.8 505.78 556.64 113.53 376.39 274.52 54.78 116.48 330.99 241.72 708.23 113.25 607.57 352.83 634.47 844.8 471.33 732.79 556.19 429.82 286.13 265.13 384.02 93.9 655.92 9.09
552.55 598.7 57.77 287.04 270.36 408.28 512.54 67.31 306.56 866.0 341.87 402.35 369.48 525.87 260.91 348.95 731.38 150.2 613.45 225.45 16.84 521.27 950.85 569.87 753.0 930.4 990.34 416.25 606.28 983.12 829.0 388.1 877.19 729.58 11.76 859.86 224.99 955.26 60.64 208.7 286.02 924.23 975.3 522.16 777.56 33.87 528.45 637.13 826.6 881.34 847.64 448.08 134.05 473.47 782.13 319.21 272.11 375.6 941.16 432.58 647.03 543.91 616.39 778.82 150.61 97.6 678.58 647.31 957.07 521.6 126.78 610.07 373.79 223.95 826.73 604.94 669.59 695.52 436.92 341.16 375.42 256.23 232.18 903.94 249.7 993.2 768.67 778.19 660.1 719.44 592.09 929.34 114.53 78.92 698.63 329.46 456.82 616.95 330.58 130.19
473.37 19.68 715.98 211.04 454.36 3.99 274.18 556.45 536.15 58.11 287.45 717.11 841.76 100.81 954.35 839.47 74.89 669.77 811.3 947.72 674.46 542.31 210.21 269.16 199.09 215.7 911.58 722.39 287.1 411.25 215.85 211.43 93.57 313.08 826.98 811.41 375.24 551.52 238.65 789.34 222.77 282.73 269.33 297.13 96.28 558.18 743.48 699.36 490.35 135.58 662.63 463.59 734.93 514.16 116.15 589.36 68.55 807.5 555.86 61.45 939.21 863.8 539.23 844.1 176.45 407.04 148.2 335.89 115.53 881.51 976.27 411.1 441.28 465.7 406.63 560.93 620.15 89.99 336.19 362.64 43.33 620.76 26.7 820.24 452.97 987.59 293.08 799.82 571.25 167.38 749.56 810.89 685.29 255.54 479.08 447.51 105.76 39.17 313.14 54.11
786.35 669.92 974.84 356.75 244.92 723.61 100.62 865.9 254.59 629.38 167.32 758.66 451.66 453.39 438.97 242.27 639.42 751.32 233.87 687.25 759.37 527.92 957.93 85.32 110.77 657.59 337.21 154.05 909.39 426.05 679.96 451.97 191.88 936.43 598.5 571.32 363.13 188.08 313.23 118.16 414.39 311.65 805.77 684.89 406.15 343.87 759.61 114.51 739.5 495.95 891.97 20.12 67.03 907.08 650.34 644.21 432.61 958.83 390.56 720.31 686.01 537.54 950.49 215.68 971.39 708.7 99.41 252.15 233.32 9.31 522.08 817.52 458.37 732.72 72.14 230.59 637.56 103.74 481.72 45.68 88.06 925.22 47.01 197.17 691.78 734.48 471.07 238.39 805.29 686.15 814.09 232.12 717.01 490.76 339.53 68.83 994.1 464.21 170.85 33.84
805.04 181.32 763.62 196.54 404.35 581.21 615.4 388.85 317.67 22.3 904.46 780.79 177.02 81.55 750.27 886.77 457.71 54.01 907.35 836.51 893.54 542.34 461.2 516.59 223.5 938.9 682.55 793.76 184.65 416.86 335.29 242.14 680.96 273.2 432.83 416.93 43.16 670.73 549.24 804.65 698.6 375.34 574.75 842.0 208.74 224.56 166.66 402.8 131.06 60.39 95.92 565.54 993.65 895.89 150.29 877.02 527.62 120.71 834.85 509.77 50.81 226.64 887.19 201.42 1.13 401.1 255.33 678.77 289.04 683.84 949.95 193.37 282.16 644.3 423.19 111.67 164.73 262.19 94.08 402.16 289.65 422.59 927.84 557.42 701.61 166.9 109.96 980.94 68.08 592.29 45.06 57.47 450.27 808.51 353.47 603.12 497.14 162.07 253.79 589.21
378.46 805.91 30.86 690.52 205.09 561.63 101.95 794.88 962.67 866.08 886.99 208.82 724.16 374.37 989.04 293.45 600.05 390.99 759.43 233.71 921.95 458.27 990.42 884.73 773.66 174.35 153.64 22.82 955.17 93.74 427.22 637.12 382.76 310.7 200.24 428.59 777.7 158.14 943.19 226.39 469.61 152.1 592.11 262.93 298.38 895.98 198.76 70.26 339.36 94.36 628.31 527.02 742.25 233.08 195.0 326.49 110.84 588.12 712.91 136.39 210.41 224.26 388.12 866.01 180.55 740.2 75.35 958.26 470.99 441.45 936.12 641.34 294.19 134.0 799.76 628.33 520.23 34.86 487.45 115.52 861.6 407.93 84.92 479.96 606.45 234.94 781.27 556.72 933.1 268.18 487.54 225.04 532.61 33.3 61.86 73.71 157.34 286.06 211.71 606.69
366.75 989.4 44.96 458.62 542.95 510.6 974.21 747.46 544.31 347.55 8.29 64.04 963.11 827.44 58.57 894.87 107.32 49.53 717.39 739.69 965.39 864.26 164.33 558.66 13.44 99.28 101.37 73.65 700.54 928.51 28.95 426.44 75.81 441.04 989.7 223.56 246.86 75.27 417.75 78.3 10.13 295.87 596.3 482.98 413.89 459.21 273.73 845.67 31.23 848.69 583.75 388.68 5.51 865.03 896.82 639.03 78.39 253.47 892.62 701.18 179.84 42.56 563.75 769.76 989.77 61.37 714.56 182.37 105.18 166.48 185.35 493.31 785.56 387.62 232.34 980.19 272.23 931.26 693.9 2.31 791.17 413.15 524.15 503.6 274.94 757.31 205.83 549.01 966.66 411.0 747.03 362.58 931.77 306.05 699.38 925.47 107.35 900.85 753.78 817.37
245.22 704.13 889.37 464.1 934.95 885.13 226.01 191.21 402.84 715.68 743.06 491.07 631.45 988.77 227.93 810.49 457.32 541.73 596.13 610.35 574.15 718.24 564.12 729.2 93.2 711.88 521.87 930.19 27.67 154.21 547.33 479.79 801.03 93.12 808.31 883.8 541.73 865.94 399.08 969.63 836.2 60.93 936.5 904.31 522.18 105.89 338.07 400.16 607.27 884.72 946.51 559.2 900.8 234.62 560.48 235.25 835.84 124.62 561.94 218.15 477.3 247.43 641.13 156.55 23.02 683.87 77.78 196.97 955.01 757.2 927.08 474.38 843.25 858.12 358.28 739.14 503.75 112.11 210.65 272.65 526.95 873.99 533.83 504.2 615.23 399.45 864.11 157.04 817.47 493.82 546.8 863.34 407.6 489.96 981.31 168.9 986.47 149.15 540.18 36.98
556.12 226.35 155.78 198.62 928.21 674.46 398.43 929.7 845.21 995.95 138.94 323.35 572.31 832.08 277.14 120.57 726.89 135.13 619.4 139.05 30.29 950.12 141.99 39.29 343.44 517.17 531.24 963.61 624.89 791.51 372.6 540.31 371.86 449.43 956.84 840.44 767.0 703.3 102.95 317.47 53.64 557.05 575.23 608.32 808.09 821.85 608.1 215.44 619.4 881.34 44.3 683.33 364.05 327.85 278.59 113.59 335.49 571.36 275.56 563.38 187.79 706.69 435.19 925.62 820.47 774.85 961.71 572.07 288.03 716.32 191.89 840.17 57.67 607.61 857.64 313.72 378.32 594.22 697.1 268.19 157.72 59.67 467.96 599.32 552.35 294.91 155.6 649.62 140.95 740.5 582.71 449.68 596.08 958.75 909.32 896.74 65.8 242.72 808.5 59.89
711.79 451.13 648.2 457.49 234.2 607.29 977.08 383.38 435.82 166.15 435.01 639.76 576.71 360.35 649.98 536.99 210.33 987.38 640.16 214.04 252.57 466.97 73.58 464.2 929.69 351.96 494.75 673.47 172.99 229.35 793.69 404.97 71.32 885.97 852.3 125.64 602.43 444.29 577.72 148.91 731.53 931.59 579.69 485.99 764.96 208.47 513.31 422.91 956.74 977.89 700.36 534.79 420.56 391.8 42.83 156.85 546.68 694.39 974.29 206.59 742.65 163.82 52.0 270.63 359.78 908.04 45.24 315.84 383.68 660.15 779.34 845.29 851.08 362.99 134.51 574.33 791.32 915.15 397.9 700.65 27.96 906.91 645.21 347.85 976.17 814.68 349.37 555.4 313.98 357.68 967.66 472.58 992.79 439.34 695.36 628.63 760.77 480.68 203.34 10.33
162.39 834.17 384.19 317.66 370.91 142.99 872.04 757.8 260.05 87.28 110.14 677.22 289.03 291.95 812.74 699.26 573.52 432.03 53.94 711.78 555.91 850.19 141.54 802.27 769.26 52.87 204.89 702.21 982.36 193.15 138.76 666.48 85.88 888.62 451.21 27.36 223.12 376.16 358.26 584.4 476.39 798.72 929.27 93.72 231.12 404.3 801.51 485.92 477.89 848.69 258.75 60.63 191.34 48.29 592.93 198.46 303.4 851.25 881.13 713.25 557.41 311.38 177.6 537.04 51.75 688.9 501.54 130.27 44.82 736.76 555.36 225.3 969.12 100.77 120.49 698.75 409.45 534.26 798.59 83.0 300.85 832.21 872.72 421.24 385.11 117.37 273.02 921.37 206.49 539.0 9.07 381.72 382.0 7.57 671.2 934.12 948.4 466.52 291.4 277.17
857.14 335.33 687.38 749.0 836.01 415.33 578.3 457.84 680.26 905.39 998.82 116.53 319.29 671.58 369.79 596.31 728.21 382.44 943.95 27.91 449.67 687.49 226.98 125.98 226.6 669.17 356.09 65.04 41.92 761.35 168.78 814.93 78.76 154.22 269.53 45.72 528.42 911.21 34.32 996.37 145.3 866.11 348.39 962.74 509.8 623.0 278.85 170.88 662.82 601.21 942.2 234.8 453.94 227.13 424.66 846.61 605.79 892.69 377.72 416.88 354.75 172.74 502.99 705.29 649.19 389.86 741.51 597.68 755.13 872.93 596.62 639.41 987.43 890.05 425.64 808.53 778.34 305.47 370.6 693.68 244.87 511.54 729.1 280.31 241.32 431.02 594.61 516.99 453.59 256.56 450.54 805.82 50.61 526.39 255.08 367.61 294.66 226.25 78.35 407.22
139.27 520.97 776.29 511.76 881.1 546.68 847.58 943.38 576.36 970.29 962.43 660.07 160.26 35.69 938.46 108.25 501.43 505.73 519.14 52.11 460.5 873.78 239.42 50.51 519.81 666.94 748.17 53.47 564.88 370.67 715.03 636.23 756.78 122.56 742.33 553.44 998.68 274.28 526.98 426.09 347.39 663.17 470.56 835.1 734.91 453.43 348.78 741.35 781.51 851.41 283.75 373.29 624.45 358.53 799.06 993.55 267.74 197.73 290.44 845.33 735.8 360.3 897.65 68.44 274.85 478.94 555.22 995.73 388.39 364.73 241.29 223.07 203.74 480.74 171.78 606.15 549.01 512.91 725.74 669.34 786.51 66.85 603.38 278.76 871.42 10.27 652.71 689.2 561.83 535.34 996.58 79.58 713.95 686.72 261.4 157.56 124.26 208.32 954.57 345.71
372.93 439.58 465.99 806.9 244.29 652.55 103.29 555.84 116.2 504.96 758.1 809.5 312.53 924.87 997.77 688.59 415.56 804.17 298.79 922.8 694.59 251.99 612.5 316.09 135.36 613.65 412.11 232.16 444.14 619.76 839.72 89.62 455.95 651.44 114.29 174.76 538.36 944.17 141.32 953.25 72.34 438.7 510.66 210.99 843.87 538.16 542.15 707.11 585.1 360.25 78.14 749.13 835.32 458.75 134.21 186.91 851.15 185.17 239.55 952.27 371.68 305.85 978.99 919.84 719.74 278.15 45.34 605.93 65.1 448.93 620.44 680.7 562.6 705.01 952.69 250.04 187.14 954.23 332.93 912.03 153.56 810.75 850.23 374.48 35.46 121.28 358.09 694.73 775.86 707.25 57.97 474.26 758.57 756.64 594.32 474.04 748.45 821.25 399.25 954.83
972.95 767.98 896.37 574.27 892.02 694.46 874.42 408.39 311.14 265.57 803.74 535.35 334.94 298.73 788.05 625.73 743.24 427.95 113.7 974.71 892.9 910.67 668.99 935.55 329.18 795.89 428.31 797.57 164.11 109.32 504.29 922.39 70.23 625.08 79.75 254.97 487.58 386.17 311.99 670.91 825.72 95.92 884.57 201.11 886.57 606.6 323.71 177.15 432.39 364.03 543.15 658.77 546.36 299.93 546.62 950.1 314.92 392.66 979.58 379.89 272.29 565.25 865.77 290.1 981.24 190.38 910.41 985.1 608.41 862.01 568.1 99.73 445.4 844.92 929.8 599.81 23.18 894.96 220.6 337.81 305.13 572.43 543.5 394.05 216.53 98.07 323.76 949.99 203.31 637.84 199.72 893.49 653.64 767.32 831.15 777.31 823.68 590.97 999.43 333.98
674.04 411.26 153.79 393.19 319.39 463.34 204.93 599.95 885.61 90.81 789.2 105.91 750.82 471.95 404.95 506.62 640.51 989.75 680.8 892.07 229.72 183.71 504.67 447.24 176.14 872.32 216.24 878.8 972.16 840.95 39.64 915.91 729.06 328.48 461.56 647.76 95.98 676.37 836.0 409.56 502.02 337.14 133.74 77.7 136.9 562.05 535.0 923.63 433.72 577.58 617.09 976.99 701.44 940.5 263.28 783.06 924.66 725.45 350.12 716.54 379.39 587.94 905.61 365.27 350.52 338.01 333.49 305.98 267.23 328.02 456.93 965.22 87.04 56.24 39.09 735.62 205.18 527.04 348.11 234.89 964.1 887.96 35.49 349.01 178.25 16.45 84.62 301.31 58.16 32.94 418.92 501.47 635.44 233.76 334.52 128.7 798.34 475.33 406.11 296.45
202.45 328.42 858.38 250.05 358.14 507.69 826.92 611.02 314.64 786.63 515.66 18.95 765.04 400.93 853.95 622.68 855.72 738.14 210.25 179.36 592.64 82.08 67.72 994.42 275.72 222.87 375.24 548.78 486.57 927.98 613.1 456.09 48.58 71.68 4.98 697.38 719.3 154.55 662.59 460.37 728.42 555.4 688.25 886.96 785.21 147.76 468.89 832.05 842.58 807.96 34.08 725.55 631.83 435.48 815.82 808.13 551.15 798.83 737.91 776.69 23.06 641.58 797.23 158.67 296.34 166.86 92.19 543.92 561.92 571.27 7.9 184.33 141.97 404.77 118.73 311.98 449.69 198.73 964.74 801.74 142.32 665.01 337.94 112.32 897.02 890.47 495.68 116.34 498.53 976.89 508.3 200.84 673.56 287.05 160.68 674.06 414.49 465.49 442.87 764.48
522.58 130.51 928.01 286.89 345.52 733.3 676.59 582.31 136.12 353.62 138.96 333.8 520.19 172.36 50.75 935.76 974.42 995.41 38.16 158.24 372.42 525.15 618.13 638.92 204.66 984.75 458.22 292.84 370.46 230.58 131.94 8.06 265.22 783.11 71.13 538.72 257.35 122.76 421.53 316.21 13.9 91.25 26.17 97.43 356.83 217.37 755.17 141.43 536.5 966.69 58.28 407.72 356.63 471.35 233.56 93.0 475.57 730.72 503.45 82.35 239.64 310.55 115.84 169.71 484.53 354.74 351.82 849.42 407.21 816.55 211.55 696.47 143.98 541.26 797.71 654.95 223.43 449.34 485.65 958.17 622.8 800.73 465.31 954.46 816.45 701.57 387.53 488.85 320.35 167.45 979.51 648.65 768.87 494.11 862.94 904.98 893.77 282.49 976.6 328.63
613.24 250.51 749.09 30.29 741.88 751.49 789.5 16.94 31.18 255.17 519.59 993.5 751.65 576.53 902.68 819.73 142.21 498.64 393.82 172.4 301.58 411.66 538.02 227.5 657.93 122.69 134.79 21.99 23.16 382.6 44.17 132.76 901.41 712.98 782.33 91.83 407.68 904.34 46.15 102.21 638.07 181.07 446.55 804.29 357.72 336.04 304.88 469.44 901.75 375.03 894.5 967.8 258.58 29.1 392.02 167.49 282.68 969.34 432.79 625.47 861.62 425.94 939.22 764.48 517.9 241.78 383.68 743.59 622.37 271.72 596.91 396.68 187.34 400.67 652.95 128.66 795.54 49.58 802.98 877.51 755.25 826.11 784.91 660.44 381.42 350.78 681.61 269.0 8.99 485.39 663.71 427.94 346.13 927.9 945.31 902.02 349.36 889.61 888.96 941.27
672.9 496.57 414.9 672.59 18.02 308.26 750.9 264.47 797.56 408.3 582.85 943.46 315.54 832.64 982.48 592.97 256.02 274.04 706.95 264.91 864.69 614.06 502.85 829.9 48.18 911.34 696.29 911.37 887.88 487.7 516.26 977.82 994.11 563.07 696.61 363.86 66.21 236.36 664.23 938.51 748.89 398.4 517.99 996.81 90.95 551.53 705.41 510.03 442.04 489.77 848.32 498.12 587.28 977.23 81.2 863.61 542.6 562.3 241.25 60.29 807.93 366.81 461.25 907.69 448.04 33.66 187.42 187.94 248.33 172.07 165.83 102.72 718.85 469.09 349.82 214.36 255.42 664.82 904.62 584.38 321.28 796.79 997.68 200.82 262.42 625.28 427.69 980.46 907.0 777.86 910.93 807.22 480.51 709.57 924.3 145.97 781.87 71.31 917.2 208.79
840.44 202.66 379.66 663.8 569.32 771.67 335.1 681.72 365.58 531.04 562.66 144.39 379.09 961.92 269.73 575.49 269.9 188.31 64.81 504.75 398.61 119.51 202.44 408.97 88.58 26.22 459.37 612.62 483.16 753.98 282.03 331.65 70.82 806.05 315.18 756.37 669.38 406.62 549.25 216.16 37.77 805.95 572.45 991.99 757.13 607.09 96.55 22.01 814.52 957.75 688.29 382.55 182.97 918.9 960.7 674.39 414.39 714.49 218.24 310.63 693.01 672.85 803.25 808.84 289.15 578.15 899.54 838.95 43.98 772.07 596.13 456.87 92.73 640.68 185.18 756.91 380.71 864.18 400.45 290.9 940.47 503.85 987.69 371.76 96.62 121.15 729.79 915.81 653.12 364.66 969.9 83.46 779.93 216.43 103.1 729.34 292.36 294.94 584.3 952.57
571.21 574.07 855.18 581.91 930.57 988.06 884.12 979.83 934.48 864.22 687.1 43.56 808.41 980.32 23.49 798.64 39.79 808.3 90.38 410.53 558.08 952.27 723.15 437.05 371.36 709.82 654.8 985.0 469.27 791.57 86.32 314.47 386.87 394.72 756.82 756.02 12.19 984.06 164.97 533.15 100.91 960.86 421.93 778.15 199.26 322.86 640.01 518.78 698.37 327.55 671.87 655.32 860.27 22.09 292.14 550.02 668.46 492.99 584.15 437.85 59.73 448.85 825.76 700.84 569.34 901.23 623.12 70.53 814.09 497.18 837.34 640.97 286.49 173.7 724.37 524.36 780.13 393.86 277.44 543.08 142.16 2.08 470.57 965.19 520.11 824.83 114.85 440.94 378.06 463.94 522.42 190.35 481.9 452.54 752.78 125.31 998.12 746.78 394.51 282.14
301.5 233.07 531.84 777.59 600.01 821.28 616.32 547.04 968.71 716.86 571.98 234.67 449.13 719.1 870.95 413.99 221.1 375.61 905.05 2.23 810.74 208.42 72.25 562.15 809.88 265.41 912.62 899.31 145.14 122.49 611.14 833.43 636.53 149.73 358.56 647.64 119.16 43.32 910.08 297.05 976.35 27.47 834.7 648.4 478.15 680.32 480.83 819.82 890.2 450.46 590.06 235.62 946.47 986.81 400.05 662.46 234.48 69.45 718.14 934.22 821.21 678.16 787.07 541.58 563.09 462.83 793.89 587.28 913.53 37.06 223.12 938.24 757.4 494.49 951.18 408.02 824.07 560.81 434.74 726.06 293.03 273.88 81.23 602.07 408.4 909.57 492.88 807.82 474.12 635.88 849.7 277.65 976.13 488.74 619.66 316.8 106.47 541.37 143.4 863.71
816.24 90.85 113.01 407.72 851.6 159.64 463.86 948.61 534.69 752.23 832.46 577.06 257.76 322.37 50.41 626.34 500.48 184.06 634.35 970.37 179.98 600.55 504.03 236.05 648.8 370.28 161.12 385.0 689.29 989.55 795.3 732.35 166.64 844.24 783.38 102.08 115.51 731.5 276.02 14.5 391.21 225.59 222.45 913.19 848.09 978.62 181.35 708.53 378.03 768.08 235.56 47.2 507.78 698.31 792.26 685.02 459.48 751.44 288.58 665.1 562.85 706.86 617.14 781.6 929.21 40.71 992.71 147.8 393.39 661.67 350.04 83.02 31.7 983.63 843.62 779.91 76.03 744.07 676.04 62.81 569.28 533.56 150.75 398.97 379.47 480.51 153.43 861.74 305.1 163.7 238.43 130.97 504.72 477.25 159.73 487.01 725.33 253.21 705.11 877.7
556.67 950.62 402.84 255.19 692.96 293.87 382.95 485.71 179.57 979.19 680.12 726.8 918.86 955.9 838.48 934.06 204.49 195.52 851.71 426.64 259.07 637.66 275.37 773.64 711.71 727.08 701.39 611.07 697.85 74.0 144.34 661.15 162.09 502.64 171.29 791.01 326.53 123.27 404.17 539.33 943.67 577.26 819.86 851.57 747.88 229.32 507.96 740.49 122.92 65.82 491.61 88.48 14.62 493.69 433.22 486.11 174.82 979.98 270.09 211.29 139.95 101.55 690.64 710.04 585.56 19.57 342.28 386.34 277.18 993.29 570.19 153.22 832.03 752.64 684.6 982.36 379.09 986.2 917.84 821.43 572.89 770.88 215.31 209.56 543.5 361.53 687.21 155.81 404.65 518.58 301.84 34.39 560.34 815.47 742.73 248.74 548.31 667.24 451.54 438.74
510.31 129.41 757.42 750.74 187.91 78.13 186.86 729.02 774.82 928.92 101.53 875.85 834.58 908.24 766.92 436.86 275.55 314.01 31.26 692.59 779.14 96.9 795.96 638.21 825.08 297.95 928.46 115.55 624.53 671.68 262.9 674.58 459.47 518.81 413.27 849.05 523.27 451.44 899.92 470.41 367.56 850.01 250.22 451.92 62.23 924.73 850.63 535.81 593.46 332.26 421.93 248.6 520.21 273.92 743.14 838.95 186.25 854.79 105.78 51.65 131.68 469.13 434.86 970.46 734.97 979.34 639.54 851.85 805.21 549.93 728.32 181.73 381.22 955.76 252.75 57.46 675.55 236.51 498.86 161.75 927.59 675.71 799.28 778.4 576.02 661.92 766.26 268.22 49.8 819.73 363.6 288.0 819.49 993.87 172.18 187.42 366.7 997.32 756.58 75.57
290.6 653.44 8.69 496.32 652.04 226.24 276.45 873.03 748.5 923.82 512.95 506.99 840.95 628.32 761.78 66.5 862.19 282.06 360.16 726.48 749.01 444.56 506.53 969.09 565.16 437.02 572.87 894.78 428.29 653.2 424.14 600.89 668.33 442.8 463.38 658.2 699.37 7.53 260.59 581.44 937.57 712.08 517.43 124.2 781.7 916.3 496.25 465.38 304.96 525.2 319.92 993.94 217.04 20.55 471.08 203.5 77.78 25.86 474.11 819.22 187.1 893.96 479.66 426.83 159.4 275.93 499.64 851.67 999.48 1.58 595.97 968.52 49.31 901.5 44.48 747.71 702.91 950.05 245.15 664.86 789.03 648.35 109.72 566.36 833.94 315.53 549.7 836.17 415.38 143.81 567.82 961.4 214.43 372.31 801.92 839.23 864.48 961.84 380.11 372.07
712.51 687.57 967.42 199.6 763.51 739.67 34.82 744.29 616.72 101.16 518.23 574.18 360.65 817.31 494.25 476.99 854.16 505.3 960.02 828.1 117.32 982.42 996.04 391.48 835.95 145.97 874.7 704.75 806.6 421.76 687.39 201.22 405.06 965.38 283.76 142.11 727.54 627.63 590.86 86.64 131.07 756.48 873.79 205.51 490.68 286.55 86.04 840.44 144.93 48.01 256.6 734.85 60.33 145.33 311.98 550.56 798.7 794.51 180.83 195.39 173.31 12.66 945.42 594.81 282.69 125.18 344.93 417.7 227.01 33.14 996.03 18.68 267.45 399.2 998.18 99.42 232.44 521.89 602.18 9.71 863.45 4.54 57.9 972.56 863.94 24.93 205.28 973.43 954.26 380.06 840.98 627.37 969.84 170.46 99.34 524.0 746.69 358.02 77.33 913.84
365.37 601.48 851.36 247.97 991.66 115.32 949.48 954.61 871.53 709.44 304.42 702.63 117.96 734.99 202.58 54.11 689.95 453.19 826.01 659.21 643.73 334.89 262.27 647.29 618.96 405.62 981.71 435.0 461.79 489.82 826.62 410.65 943.53 237.41 408.14 694.19 722.53 21.74 83.94 796.62 235.45 247.79 757.57 581.79 471.23 678.12 957.01 674.88 820.37 39.44 770.06 270.68 5.51 243.1 708.61 978.45 125.36 170.09 72.42 614.73 376.11 816.07 738.01 346.25 423.38 656.32 627.83 235.81 114.24 931.87 300.03 64.07 673.71 217.23 221.8 104.86 543.08 151.15 594.32 218.72 827.74 920.49 954.17 136.78 328.54 866.63 325.46 697.55 797.09 400.65 3.88 169.72 927.72 432.45 765.89 1.93 66.32 435.71 483.17 911.29
75.83 694.09 185.02 885.27 4.57 812.73 131.87 756.1 87.69 697.6 390.84 813.91 97.09 981.85 143.99 921.53 115.72 59.52 358.56 25.06 886.13 232.94 648.38 39.59 393.02 511.01 772.54 228.17 77.57 479.69 145.97 194.64 336.72 769.22 299.14 843.54 499.73 658.43 709.7 116.54 6.04 72.67 238.94 120.63 427.16 795.48 857.52 844.31 209.07 351.36 770.78 576.48 336.42 723.97 319.4 44.06 537.99 992.36 114.6 947.82 543.6 724.41 696.04 407.02 969.22 183.79 752.01 241.85 204.68 419.88 836.5 671.4 387.62 217.77 563.51 807.3 609.05 529.09 576.96 472.23 411.03 458.32 333.59 888.6 603.72 905.11 312.09 295.95 875.71 939.01 361.71 981.46 520.72 382.87 774.22 978.69 768.77 357.63 351.73 501.72
285.64 307.8 461.7 236.07 105.8 388.93 603.04 934.0 224.99 694.8 446.1 253.92 531.85 713.24 522.02 703.08 981.18 368.28 96.87 808.87 103.32 37.51 157.9 552.89 972.25 929.33 524.18 195.89 264.81 366.81 780.32 54.69 632.37 267.26 462.83 337.76 672.3 851.53 311.56 149.34 650.02 541.14 120.85 655.35 993.33 364.48 919.92 640.77 981.54 739.0 997.94 604.52 60.82 598.0 206.19 551.88 188.58 905.33 887.37 823.52 494.96 583.2 658.92 593.66 985.38 81.42 814.69 445.23 307.86 756.13 161.46 677.74 157.86 578.45 39.74 226.77 656.07 407.66 534.98 684.21 402.86 177.23 862.98 368.02 690.21 346.18 209.35 754.81 417.62 131.03 548.78 492.75 978.6 239.05 792.56 11.75 414.96 400.37 537.74 753.24
489.52 733.59 724.88 786.59 954.35 133.4 881.54 292.97 276.28 112.3 334.74 105.4 748.49 626.02 903.57 763.21 166.14 676.66 853.42 872.57 96.17 693.48 896.7 575.91 418.36 972.41 541.5 614.4 225.28 846.47 443.96 319.31 586.33 810.84 374.18 883.4 626.83 358.66 524.18 864.7 12.82 181.21 223.11 541.92 788.68 842.55 212.29 459.93 546.06 902.23 529.53 11.2 50.7 21.9 664.9 353.45 267.53 224.94 665.87 638.32 56.06 8.65 680.98 418.4 300.63 617.66 322.14 853.52 640.99 542.49 579.25 165.34 568.24 134.46 614.84 46.62 442.64 726.8 599.17 515.35 807.76 821.58 647.61 955.15 718.73 561.77 443.58 294.53 268.05 908.78 21.7 169.46 639.53 749.58 503.56 800.55 637.53 412.71 653.59 701.74
825.15 395.57 30.37 916.93 779.78 662.31 732.86 364.68 187.65 310.59 171.21 150.07 460.07 711.54 885.3 275.47 285.16 179.77 790.37 589.91 342.61 446.34 152.25 170.13 919.15 849.57 957.93 12.96 559.5 209.56 683.13 921.42 813.37 386.84 301.77 226.6 313.86 791.95 975.3 560.12 49.76 413.7 897.92 176.4 106.83 995.67 741.24 342.94 223.1 228.66 842.75 381.55 200.62 622.79 380.85 682.42 84.19 443.15 776.35 623.41 573.59 6.42 750.15 213.41 112.13 140.79 810.75 560.98 753.08 976.86 22.86 618.35 733.85 613.54 758.49 819.09 685.91 974.7 167.6 161.14 25.13 25.44 721.67 666.31 332.53 567.87 761.11 176.2 687.54 917.33 626.97 657.25 389.95 606.39 798.17 939.45 655.89 990.4 32.53 822.45
762.57 950.59 713.27 657.71 364.14 445.24 942.59 77.35 332.84 998.7 286.61 535.96 220.33 277.78 582.99 1.74 544.36 995.65 943.45 834.23 242.91 478.47 375.21 707.8 764.45 306.68 236.03 86.7 367.35 340.23 980.18 62.07 4.66 902.01 271.38 325.71 19.12 755.45 396.37 471.76 854.3 418.63 952.5 67.63 384.06 458.71 831.87 59.93 749.51 202.56 446.06 173.25 109.37 79.04 280.74 162.67 441.18 918.3 639.49 205.1 599.1 970.53 601.7 563.06 222.09 562.06 584.16 819.96 439.21 791.78 629.18 198.36 236.15 656.26 506.79 850.66 641.6 369.02 810.23 597.44 642.29 516.57 401.02 206.36 342.18 600.36 493.79 558.82 714.75 393.53 383.93 957.86 523.83 409.28 29.65 812.31 107.45 646.53 201.39 152.42
83.8 568.82 288.73 228.79 614.16 192.23 357.6 523.39 868.12 718.66 646.82 301.69 596.16 455.18 216.67 990.0 274.83 65.25 361.82 540.52 41.17 968.62 158.28 991.86 925.09 963.69 432.68 654.11 88.28 477.19 948.0 591.98 500.85 944.92 448.55 698.5 432.56 556.27 655.57 661.43 639.99 370.86 792.2 240.64 1.79 339.21 499.76 340.99 604.89 883.61 132.09 639.47 476.33 654.08 656.63 661.17 682.57 265.67 310.27 146.05 483.03 202.62 176.71 136.04 431.17 579.81 114.92 290.79 944.0 44.53 310.69 187.85 340.25 123.47 989.55 979.43 821.78 897.57 183.43 224.38 119.0 410.29 36.46 292.88 734.25 507.11 427.6 351.76 282.85 568.19 38.45 770.81 951.91 567.65 699.38 391.12 956.83 628.11 575.17 320.28
645.32 215.99 608.06 978.91 34.65 233.13 283.05 930.71 570.12 478.18 345.42 907.19 617.91 486.63 247.84 721.49 216.47 100.82 186.39 443.33 317.09 57.66 342.4 917.58 664.15 352.24 23.12 719.31 560.42 506.47 538.21 877.06 89.15 561.24 403.5 396.75 852.62 150.94 288.41 100.0 168.56 871.31 548.09 998.04 791.28 36.94 816.99 177.92 558.0 567.76 513.81 387.87 940.43 966.33 528.9 794.37 149.92 475.74 52.57 733.79 202.2 897.33 27.3 501.17 718.99 621.74 212.25 822.17 614.5 695.12 791.98 224.71 591.49 147.86 32.15 438.71 682.15 452.16 619.63 938.78 175.28 123.57 829.86 864.71 258.0 273.16 575.09 605.21 552.2 911.03 292.13 185.76 259.69 101.32 455.87 543.62 865.37 652.66 164.27 279.2
936.33 376.12 249.85 834.69 514.75 633.78 861.48 477.77 517.2 980.57 230.57 442.53 761.04 821.27 98.17 814.49 223.56 353.6 836.06 732.95 51.33 866.61 260.82 942.73 296.16 140.47 537.3 997.27 283.3 979.33 960.27 821.81 624.9 16.65 845.48 176.26 3.0 758.03 190.53 138.22 677.61 941.72 207.99 888.84 567.12 201.47 613.31 661.63 784.48 911.04 818.69 259.61 104.99 844.24 45.56 59.21 320.64 540.41 389.16 934.95 281.45 644.2 540.32 93.73 982.34 59.26 295.85 522.31 780.25 478.46 193.52 833.25 669.04 626.53 710.12 388.61 952.54 85.89 36.63 772.81 525.63 558.45 512.39 381.16 964.79 18.44 87.12 95.71 450.31 574.33 222.97 772.43 362.2 85.03 5.59 536.88 749.78 506.16 362.39 124.89
