50
244 383 742 191 839 977 36 103 659 781 516 977 407 406 972 863 630 813 302 776 758 2 467 643 632 683 467 369 996 653 783 270 283 194 433 272 641 709 35 193 676 938 393 647 78 151 143 111 401 885
50
C 16 213
F 21 38 389
C 36 83
F 25 43 438
C 30 153
F 49 49 685
C 21 156
F 11 15 212
C 42 743
C 17 639
F 45 49 613
F 24 43 691
C 43 269
F 7 31 614
C 48 732
F 5 35 494
F 45 47 32
C 6 355
C 18 19
F 12 33 683
C 13 976
F 6 37 694
C 25 357
F 34 48 59
C 12 601
C 19 937
F 43 45 995
C 0 449
F 18 36 65
C 39 238
C 7 3
F 21 40 359
F 16 44 698
F 5 10 863
F 46 47 453
F 25 44 419
C 18 368
C 37 11
F 6 39 88
F 46 46 606
F 15 46 350
C 13 482
F 3 14 593
C 19 390
F 14 40 959
C 31 241
C 20 392
F 4 25 465
F 31 43 454
C 12 553
