500
177 589 595 533 421 801 475 993 409 584 953 739 595 808 201 895 560 433 563 293 93 535 953 271 447 265 767 819 199 336 434 732 153 971 50 488 37 71 886 629 757 797 855 643 423 879 173 10 79 409 625 919 439 318 31 501 193 883 245 636 658 74 716 314 494 615 264 711 296 922 789 61 851 94 593 491 196 976 857 92 546 234 236 565 919 460 896 835 42 601 40 419 357 441 16 8 596 367 466 461 8 631 936 528 809 972 302 719 131 203 198 647 179 571 353 125 782 545 681 251 877 760 930 157 586 174 923 901 692 503 994 644 997 664 293 983 956 271 598 769 152 593 467 443 827 983 292 304 295 877 749 816 19 672 329 283 89 800 325 521 941 292 735 840 411 229 949 997 31 339 523 317 112 69 18 984 509 983 393 408 779 852 797 618 318 794 52 375 435 247 741 317 773 127 114 597 988 756 283 197 831 992 457 965 930 140 73 911 157 619 530 537 788 810 743 47 851 896 932 103 833 863 593 274 743 233 706 569 163 439 570 617 987 354 976 593 330 461 327 157 553 634 543 911 711 401 607 181 700 733 617 47 85 467 728 666 753 401 774 134 937 837 982 564 103 930 37 221 631 859 91 549 625 7 446 286 130 788 474 457 277 420 290 223 6 355 449 679 853 303 289 23 826 977 478 205 142 188 379 169 949 271 385 630 670 617 293 476 139 503 587 846 910 119 90 516 753 467 298 745 257 604 578 789 748 256 28 931 398 732 13 547 587 560 103 891 294 540 733 227 989 397 770 944 229 28 831 565 397 480 597 916 494 239 419 316 418 796 353 578 5 707 421 337 578 43 179 238 95 329 227 986 75 869 753 615 38 237 464 127 457 889 691 633 188 382 571 665 433 311 181 762 103 100 312 479 697 571 323 250 43 227 929 653 773 967 367 523 401 772 83 686 283 578 718 851 787 632 145 725 830 48 877 621 306 523 523 110 967 585 5 698 579 997 887 795 619 517 151 739 149 197 200 588 97 585 263 691 99 950 476 622 582 269 556 59 839 509 581 69 726 544 34 981 760 281 71 154 349 384 487 403 626 411 498 80 2 373 491 169 170 657 838 943 193 735 844 304 610 681 691 461 74 683 718 571 154 890 761 935
500
C 87 149
C 269 282
F 421 447 290
C 294 900
F 288 386 935
F 316 337 204
F 149 390 519
F 454 461 445
C 136 95
F 158 380 367
C 53 757
C 62 144
C 474 651
C 51 162
F 68 210 684
C 398 236
C 451 971
F 120 462 279
C 460 943
C 489 962
F 286 302 53
C 419 675
F 179 317 206
C 472 937
F 432 481 437
C 369 879
C 373 73
C 127 237
F 411 461 31
F 402 436 149
C 60 57
C 485 167
C 211 705
C 69 599
F 375 418 311
F 431 479 246
C 29 508
C 468 534
C 96 23
F 183 428 547
F 484 494 2
C 172 78
F 58 383 29
C 333 557
C 482 593
F 455 488 811
F 272 331 188
F 66 252 177
F 28 193 286
C 287 212
F 288 435 3
F 152 209 532
C 403 749
F 491 492 927
F 353 427 600
C 224 656
F 49 454 346
F 293 314 56
F 178 462 456
F 430 448 479
F 273 336 274
F 266 347 293
F 194 253 499
F 487 491 301
F 272 397 269
C 469 829
C 180 63
C 393 72
F 98 416 559
F 286 328 701
F 382 404 995
F 219 301 110
F 219 354 38
F 98 161 121
F 108 224 911
C 179 389
C 50 661
C 0 342
F 321 349 192
C 288 251
C 161 676
C 280 663
F 251 358 543
F 342 426 607
F 192 241 730
C 184 109
F 407 476 336
F 120 190 512
F 202 341 600
C 107 870
F 303 443 945
F 16 472 619
F 66 77 166
F 86 116 181
F 194 328 503
F 138 325 482
F 448 476 60
C 381 639
F 133 298 132
F 105 311 759
F 130 410 991
F 102 472 369
C 204 991
F 65 454 59
C 472 195
C 103 43
F 361 373 594
F 14 266 127
C 64 682
C 352 331
C 70 198
F 23 365 806
F 114 133 5
C 386 972
C 207 163
C 385 919
F 102 449 211
C 447 997
F 358 364 362
C 282 523
F 342 359 474
F 498 498 173
F 175 241 13
F 240 460 248
C 495 905
F 59 157 428
C 443 139
C 217 162
F 399 460 239
F 410 459 947
F 396 428 172
F 179 296 834
C 20 950
C 288 385
C 409 7
C 104 967
F 174 273 612
C 416 527
F 91 375 509
F 19 114 953
C 495 121
C 343 971
F 428 430 19
C 457 659
F 437 442 768
F 17 384 102
C 406 449
C 464 752
C 49 410
F 222 363 82
C 428 141
F 273 373 39
F 398 442 35
F 307 496 288
F 362 403 888
C 281 809
C 376 353
F 442 459 622
C 403 952
C 307 412
C 163 801
F 17 485 989
F 433 478 962
C 5 12
C 38 392
F 278 448 503
F 330 382 997
F 47 373 867
C 330 811
F 188 224 587
C 230 563
F 367 492 487
C 17 572
F 423 424 607
C 356 332
C 480 490
C 46 638
C 71 563
F 325 381 105
C 296 791
C 185 790
C 287 894
F 2 384 3
C 131 272
F 239 473 809
F 36 322 943
F 156 416 997
F 192 262 65
F 13 262 169
F 178 497 918
F 114 324 454
F 483 485 212
F 406 482 957
F 113 195 937
F 105 177 467
C 395 406
C 471 89
C 457 131
C 394 931
F 165 265 419
C 426 379
F 170 199 439
C 0 771
F 301 412 433
C 51 876
F 198 301 124
F 205 355 229
F 60 335 111
C 433 490
F 373 496 443
C 355 604
F 333 466 154
C 124 277
F 212 368 461
C 220 191
C 123 887
C 377 749
C 191 717
C 61 500
F 25 415 960
F 216 393 914
F 282 490 174
F 21 175 889
C 454 577
C 303 336
F 77 237 443
C 294 554
C 312 134
C 275 134
F 398 403 727
C 468 367
F 171 379 54
F 440 482 326
C 47 5
F 154 266 513
F 483 487 32
C 169 212
C 238 853
C 124 643
C 427 877
F 360 467 414
C 47 131
C 322 283
C 268 389
C 384 297
F 187 216 434
F 379 458 780
F 242 369 11
F 168 221 706
C 382 934
F 271 464 949
F 421 472 370
F 2 86 338
F 170 179 530
F 52 398 347
F 318 429 214
C 255 696
F 189 416 510
C 20 33
F 232 492 229
C 61 595
C 124 80
C 212 885
F 408 468 601
F 208 252 453
F 489 498 607
F 36 419 103
C 21 511
F 470 489 22
F 383 389 151
C 31 430
C 467 900
F 395 471 761
F 138 474 777
F 93 363 578
F 271 370 191
F 186 402 871
F 286 425 103
C 70 538
F 456 463 509
C 22 227
C 438 673
C 39 250
F 140 266 277
C 267 553
C 387 89
C 398 492
C 420 525
C 54 858
F 437 440 397
F 379 405 649
C 252 494
C 43 487
C 348 508
C 287 647
C 197 165
F 369 404 622
C 171 389
C 110 675
F 9 167 661
F 39 269 119
F 355 413 16
F 250 494 323
F 128 208 527
C 28 869
C 93 877
F 350 375 303
C 237 620
C 69 469
F 367 439 321
C 303 583
F 42 103 17
C 5 74
C 243 360
F 192 342 271
F 323 476 173
F 212 260 971
C 414 440
F 376 395 701
F 165 486 971
C 64 29
C 466 604
C 363 854
C 331 23
F 394 440 978
F 446 478 42
C 410 696
C 159 79
C 459 71
F 36 330 325
C 67 525
C 425 282
F 450 453 976
C 239 409
C 18 154
F 438 486 268
F 469 473 995
F 280 310 311
F 17 367 130
C 45 875
F 35 157 572
C 147 395
F 459 498 658
F 166 361 463
C 67 105
F 364 466 230
F 125 191 691
F 252 255 363
C 211 992
F 140 316 312
C 423 537
C 378 146
C 160 222
C 146 383
F 73 171 5
F 43 464 574
C 278 919
C 369 333
C 397 307
F 91 310 410
F 449 482 966
F 343 382 148
C 318 951
C 285 367
C 228 340
C 390 7
C 422 360
F 235 450 864
C 347 285
F 218 314 478
F 418 442 619
F 235 308 2
C 137 166
C 255 84
C 180 276
C 247 522
C 404 847
F 413 468 655
F 460 492 413
F 2 318 62
F 464 498 684
C 432 336
F 143 434 793
C 379 887
C 259 631
F 127 132 839
C 262 426
C 260 104
F 444 469 693
F 36 408 167
F 182 469 805
F 428 484 889
C 111 942
C 250 190
F 495 496 515
C 204 500
C 112 397
F 481 498 134
F 111 188 725
C 293 593
F 149 329 109
C 445 457
C 365 813
C 429 407
F 10 464 182
C 132 643
C 371 291
F 137 319 854
C 459 307
F 26 203 131
F 103 499 479
C 451 807
C 10 528
C 214 281
F 498 499 986
F 33 485 253
C 44 110
F 284 315 813
F 427 455 303
C 241 711
F 371 495 650
C 106 656
F 10 339 704
F 10 67 745
F 357 374 845
F 195 316 47
C 70 392
F 185 221 425
F 157 466 643
F 309 387 721
F 257 285 253
F 488 494 168
C 175 101
C 317 563
F 310 468 157
F 439 463 357
F 487 489 942
C 457 811
F 431 463 192
C 154 367
C 173 892
C 147 345
F 474 497 56
C 83 659
F 438 451 95
C 408 59
F 56 364 337
F 158 404 533
F 423 483 519
F 316 421 691
F 270 286 651
F 105 383 897
F 466 495 533
F 131 388 75
F 286 414 736
C 199 71
F 97 397 842
F 491 498 548
C 438 143
C 332 672
C 233 835
F 5 127 766
F 222 475 166
C 488 1
F 92 349 127
F 178 431 443
F 35 42 155
C 71 625
C 347 461
C 222 58
C 371 633
F 386 459 734
F 17 494 203
C 30 202
F 220 231 635
C 494 951
C 212 680
F 476 489 607
F 19 103 677
F 147 215 389
C 176 811
F 481 496 328
C 243 398
C 489 795
F 323 335 955
C 205 563
F 439 495 315
F 228 392 360
C 342 836
C 371 504
C 152 112
F 490 491 623
C 410 298
F 156 346 757
F 214 441 890
F 434 452 433
F 308 393 414
F 175 247 560
C 336 431
C 332 270
